"success","timeout","failed_images","failed_audio","failed_video","trial_type","trial_index","time_elapsed","internal_node_id","subject_id","study_id","session_id","rt","stimulus","response","correct","locations","target_present","set_size","task","correct_response","target","foilCM","setSizeCM","searchCondition"
"true","false","[]","[]","[]","preload","0","380376","0.0-0.0","5ef4af3235893307228fc968","619531dcf66c91622fa1b861","61959597eebdd7cb37359fa6","","","","","","","","","","","","",""
"true","","","","","fullscreen","1","426142","0.0-1.0","5ef4af3235893307228fc968","619531dcf66c91622fa1b861","61959597eebdd7cb37359fa6","","","","","","","","","","","","",""
"","","","","","html-keyboard-response","2","434014","0.0-2.0","5ef4af3235893307228fc968","619531dcf66c91622fa1b861","61959597eebdd7cb37359fa6","7868","What a beautiful Wednesday to do some awesome science! </p> <p>  </p><p> </p>
    By completing this survey or questionnaire, you are consenting to be in this research study. </p>
    Your participation is voluntary and you can stop at any time.
    <p> [Press any key to continue.] </p>
    
    "," ","","","","","","","","","",""
"","","","","","video-keyboard-response","3","480522","0.0-3.0","5ef4af3235893307228fc968","619531dcf66c91622fa1b861","61959597eebdd7cb37359fa6","46472","[""video/TaskInstructions.mp4""]","d","","","","","","","","","",""
"","","","","","html-keyboard-response","4","484237","0.0-4.0","5ef4af3235893307228fc968","619531dcf66c91622fa1b861","61959597eebdd7cb37359fa6","3714","
    <p>First, we're going to do a few practice trials to make sure you understand the task. You will recieve feedback on each trial. </p>
    <p>[Press any key to begin the familiarization phase.]</p>
    ","s","","","","","","","","","",""
"","","","","","visual-search-circle","5","487553","0.0-5.0-0.0","5ef4af3235893307228fc968","619531dcf66c91622fa1b861","61959597eebdd7cb37359fa6","2245","","d","true","[[73,496],[496,526],[526,103],[103,73]]","true","4","training","d","","","",""
"","","","","","html-keyboard-response","6","489734","0.0-6.0","5ef4af3235893307228fc968","619531dcf66c91622fa1b861","61959597eebdd7cb37359fa6","2178"," <div style='float: center; '><img src='img/feedbackRight.png'></img> </div> ","d","","","","","","","","","",""
"","","","","","visual-search-circle","7","491625","0.0-7.0-0.0","5ef4af3235893307228fc968","619531dcf66c91622fa1b861","61959597eebdd7cb37359fa6","883","","s","true","[[32,163],[163,567],[567,436],[436,32]]","false","4","training","s","","","",""
"","","","","","html-keyboard-response","8","493294","0.0-8.0","5ef4af3235893307228fc968","619531dcf66c91622fa1b861","61959597eebdd7cb37359fa6","1666"," <div style='float: center; '><img src='img/feedbackRight.png'></img> </div> ","d","","","","","","","","","",""
"","","","","","visual-search-circle","9","496542","0.0-9.0-0.0","5ef4af3235893307228fc968","619531dcf66c91622fa1b861","61959597eebdd7cb37359fa6","2231","","s","true","[[440,564],[599,310],[458,45],[159,35],[0,289],[141,554]]","false","6","training","s","","","",""
"","","","","","html-keyboard-response","10","502966","0.0-10.0","5ef4af3235893307228fc968","619531dcf66c91622fa1b861","61959597eebdd7cb37359fa6","6421"," <div style='float: center; '><img src='img/feedbackRight.png'></img> </div> ","d","","","","","","","","","",""
"","","","","","visual-search-circle","11","504963","0.0-11.0-0.0","5ef4af3235893307228fc968","619531dcf66c91622fa1b861","61959597eebdd7cb37359fa6","985","","s","false","[[19,192],[25,422],[192,580],[422,574],[580,407],[574,177],[407,19],[177,25]]","true","8","training","d","","","",""
"","","","","","html-keyboard-response","12","509311","0.0-12.0","5ef4af3235893307228fc968","619531dcf66c91622fa1b861","61959597eebdd7cb37359fa6","4345"," <div style='float: center;'><img src='img/feedbackWrong.png'></img> </div> ","d","","","","","","","","","",""
"","","","","","video-keyboard-response","13","513642","0.0-13.0","5ef4af3235893307228fc968","619531dcf66c91622fa1b861","61959597eebdd7cb37359fa6","4322","[""video/endTraining.mp4""]","d","","","","","","","","","",""
"","","","","","html-keyboard-response","14","513649","0.0-14.0-0.0-0.0","5ef4af3235893307228fc968","619531dcf66c91622fa1b861","61959597eebdd7cb37359fa6","null","","null","","","","","main_T1_ITI","","","","",""
"","","","","","visual-search-circle","15","515952","0.0-14.0-0.0-1.0","5ef4af3235893307228fc968","619531dcf66c91622fa1b861","61959597eebdd7cb37359fa6","1288","","d","true","[[331,598],[552,461],[583,203],[401,17],[142,44],[2,264],[86,510]]","true","7","main_T2_Trial","d","img/Fire_Down_Target.gif","[""img/Fire_Up_Distractor.gif"",""img/Fire_Up_Distractor.gif"",""img/Fire_Up_Distractor.gif"",""img/Fire_Up_Distractor.gif"",""img/Fire_Up_Distractor.gif"",""img/Fire_Up_Distractor.gif"",""img/Fire_Up_Distractor.gif"",""img/Fire_Up_Distractor.gif"",""img/Fire_Up_Distractor.gif"",""img/Fire_Up_Distractor.gif"",""img/Fire_Up_Distractor.gif"",""img/Fire_Up_Distractor.gif""]","7","targetDown_distractorsUp"
"","","","","","html-keyboard-response","16","515953","0.0-14.0-0.0-0.1","5ef4af3235893307228fc968","619531dcf66c91622fa1b861","61959597eebdd7cb37359fa6","null","","null","","","","","main_T1_ITI","","","","",""
"","","","","","visual-search-circle","17","518285","0.0-14.0-0.0-1.1","5ef4af3235893307228fc968","619531dcf66c91622fa1b861","61959597eebdd7cb37359fa6","1311","","d","true","[[508,515],[591,227],[382,11],[91,84],[8,372],[217,588]]","true","6","main_T2_Trial","d","img/Fire_Down_Target.gif","[""img/Fire_Up_Distractor.gif"",""img/Fire_Up_Distractor.gif"",""img/Fire_Up_Distractor.gif"",""img/Fire_Up_Distractor.gif"",""img/Fire_Up_Distractor.gif"",""img/Fire_Up_Distractor.gif"",""img/Fire_Up_Distractor.gif"",""img/Fire_Up_Distractor.gif"",""img/Fire_Up_Distractor.gif"",""img/Fire_Up_Distractor.gif"",""img/Fire_Up_Distractor.gif"",""img/Fire_Up_Distractor.gif""]","6","targetDown_distractorsUp"
"","","","","","html-keyboard-response","18","518286","0.0-14.0-0.0-0.2","5ef4af3235893307228fc968","619531dcf66c91622fa1b861","61959597eebdd7cb37359fa6","null","","null","","","","","main_T1_ITI","","","","",""
"","","","","","visual-search-circle","19","520411","0.0-14.0-0.0-1.2","5ef4af3235893307228fc968","619531dcf66c91622fa1b861","61959597eebdd7cb37359fa6","1111","","s","true","[[25,177],[57,476],[331,598],[574,422],[542,123],[268,1]]","false","6","main_T2_Trial","s","img/Fire_Up_Target.gif","[""img/Fire_Down_Distractor.gif"",""img/Fire_Down_Distractor.gif"",""img/Fire_Down_Distractor.gif"",""img/Fire_Down_Distractor.gif"",""img/Fire_Down_Distractor.gif"",""img/Fire_Down_Distractor.gif"",""img/Fire_Down_Distractor.gif"",""img/Fire_Down_Distractor.gif"",""img/Fire_Down_Distractor.gif"",""img/Fire_Down_Distractor.gif"",""img/Fire_Down_Distractor.gif"",""img/Fire_Down_Distractor.gif""]","6","targetUp_distractorsDown"
"","","","","","html-keyboard-response","20","520412","0.0-14.0-0.0-0.3","5ef4af3235893307228fc968","619531dcf66c91622fa1b861","61959597eebdd7cb37359fa6","null","","null","","","","","main_T1_ITI","","","","",""
"","","","","","visual-search-circle","21","522650","0.0-14.0-0.0-1.3","5ef4af3235893307228fc968","619531dcf66c91622fa1b861","61959597eebdd7cb37359fa6","1222","","s","true","[[539,119],[263,2],[23,182],[60,480],[336,597],[576,417]]","false","6","main_T2_Trial","s","img/Fire_Down_Target.gif","[""img/Fire_Up_Distractor.gif"",""img/Fire_Up_Distractor.gif"",""img/Fire_Up_Distractor.gif"",""img/Fire_Up_Distractor.gif"",""img/Fire_Up_Distractor.gif"",""img/Fire_Up_Distractor.gif"",""img/Fire_Up_Distractor.gif"",""img/Fire_Up_Distractor.gif"",""img/Fire_Up_Distractor.gif"",""img/Fire_Up_Distractor.gif"",""img/Fire_Up_Distractor.gif"",""img/Fire_Up_Distractor.gif""]","6","targetDown_distractorsUp"
"","","","","","html-keyboard-response","22","522651","0.0-14.0-0.0-0.4","5ef4af3235893307228fc968","619531dcf66c91622fa1b861","61959597eebdd7cb37359fa6","null","","null","","","","","main_T1_ITI","","","","",""
"","","","","","visual-search-circle","23","525066","0.0-14.0-0.0-1.4","5ef4af3235893307228fc968","619531dcf66c91622fa1b861","61959597eebdd7cb37359fa6","1403","","d","true","[[141,554],[554,458],[458,45],[45,141]]","true","4","main_T2_Trial","d","img/Fire_Up_Target.gif","[""img/Fire_Down_Distractor.gif"",""img/Fire_Down_Distractor.gif"",""img/Fire_Down_Distractor.gif"",""img/Fire_Down_Distractor.gif"",""img/Fire_Down_Distractor.gif"",""img/Fire_Down_Distractor.gif"",""img/Fire_Down_Distractor.gif"",""img/Fire_Down_Distractor.gif"",""img/Fire_Down_Distractor.gif"",""img/Fire_Down_Distractor.gif"",""img/Fire_Down_Distractor.gif"",""img/Fire_Down_Distractor.gif""]","4","targetUp_distractorsDown"
"","","","","","html-keyboard-response","24","525067","0.0-14.0-0.0-0.5","5ef4af3235893307228fc968","619531dcf66c91622fa1b861","61959597eebdd7cb37359fa6","null","","null","","","","","main_T1_ITI","","","","",""
"","","","","","visual-search-circle","25","527802","0.0-14.0-0.0-1.5","5ef4af3235893307228fc968","619531dcf66c91622fa1b861","61959597eebdd7cb37359fa6","1717","","s","true","[[57,123],[10,379],[182,575],[442,564],[595,353],[525,102],[286,0]]","false","7","main_T2_Trial","s","img/Fire_Up_Target.gif","[""img/Fire_Down_Distractor.gif"",""img/Fire_Down_Distractor.gif"",""img/Fire_Down_Distractor.gif"",""img/Fire_Down_Distractor.gif"",""img/Fire_Down_Distractor.gif"",""img/Fire_Down_Distractor.gif"",""img/Fire_Down_Distractor.gif"",""img/Fire_Down_Distractor.gif"",""img/Fire_Down_Distractor.gif"",""img/Fire_Down_Distractor.gif"",""img/Fire_Down_Distractor.gif"",""img/Fire_Down_Distractor.gif""]","7","targetUp_distractorsDown"
"","","","","","html-keyboard-response","26","527802","0.0-14.0-0.0-0.6","5ef4af3235893307228fc968","619531dcf66c91622fa1b861","61959597eebdd7cb37359fa6","null","","null","","","","","main_T1_ITI","","","","",""
"","","","","","visual-search-circle","27","530507","0.0-14.0-0.0-1.6","5ef4af3235893307228fc968","619531dcf66c91622fa1b861","61959597eebdd7cb37359fa6","1691","","s","true","[[42,454],[367,592],[598,326],[417,23],[73,103]]","false","5","main_T2_Trial","s","img/Fire_Down_Target.gif","[""img/Fire_Up_Distractor.gif"",""img/Fire_Up_Distractor.gif"",""img/Fire_Up_Distractor.gif"",""img/Fire_Up_Distractor.gif"",""img/Fire_Up_Distractor.gif"",""img/Fire_Up_Distractor.gif"",""img/Fire_Up_Distractor.gif"",""img/Fire_Up_Distractor.gif"",""img/Fire_Up_Distractor.gif"",""img/Fire_Up_Distractor.gif"",""img/Fire_Up_Distractor.gif"",""img/Fire_Up_Distractor.gif""]","5","targetDown_distractorsUp"
"","","","","","html-keyboard-response","28","530509","0.0-14.0-0.0-0.7","5ef4af3235893307228fc968","619531dcf66c91622fa1b861","61959597eebdd7cb37359fa6","null","","null","","","","","main_T1_ITI","","","","",""
"","","","","","visual-search-circle","29","533524","0.0-14.0-0.0-1.7","5ef4af3235893307228fc968","619531dcf66c91622fa1b861","61959597eebdd7cb37359fa6","2009","","d","true","[[422,25],[25,177],[177,574],[574,422]]","true","4","main_T2_Trial","d","img/Fire_Down_Target.gif","[""img/Fire_Up_Distractor.gif"",""img/Fire_Up_Distractor.gif"",""img/Fire_Up_Distractor.gif"",""img/Fire_Up_Distractor.gif"",""img/Fire_Up_Distractor.gif"",""img/Fire_Up_Distractor.gif"",""img/Fire_Up_Distractor.gif"",""img/Fire_Up_Distractor.gif"",""img/Fire_Up_Distractor.gif"",""img/Fire_Up_Distractor.gif"",""img/Fire_Up_Distractor.gif"",""img/Fire_Up_Distractor.gif""]","4","targetDown_distractorsUp"
"","","","","","html-keyboard-response","30","533527","0.0-14.0-0.0-0.8","5ef4af3235893307228fc968","619531dcf66c91622fa1b861","61959597eebdd7cb37359fa6","null","","null","","","","","main_T1_ITI","","","","",""
"","","","","","visual-search-circle","31","537145","0.0-14.0-0.0-1.8","5ef4af3235893307228fc968","619531dcf66c91622fa1b861","61959597eebdd7cb37359fa6","2599","","d","true","[[583,202],[357,5],[73,103],[16,397],[242,594],[526,496]]","true","6","main_T2_Trial","d","img/Fire_Up_Target.gif","[""img/Fire_Down_Distractor.gif"",""img/Fire_Down_Distractor.gif"",""img/Fire_Down_Distractor.gif"",""img/Fire_Down_Distractor.gif"",""img/Fire_Down_Distractor.gif"",""img/Fire_Down_Distractor.gif"",""img/Fire_Down_Distractor.gif"",""img/Fire_Down_Distractor.gif"",""img/Fire_Down_Distractor.gif"",""img/Fire_Down_Distractor.gif"",""img/Fire_Down_Distractor.gif"",""img/Fire_Down_Distractor.gif""]","6","targetUp_distractorsDown"
"","","","","","html-keyboard-response","32","537146","0.0-14.0-0.0-0.9","5ef4af3235893307228fc968","619531dcf66c91622fa1b861","61959597eebdd7cb37359fa6","null","","null","","","","","main_T1_ITI","","","","",""
"","","","","","visual-search-circle","33","539864","0.0-14.0-0.0-1.9","5ef4af3235893307228fc968","619531dcf66c91622fa1b861","61959597eebdd7cb37359fa6","1709","","s","true","[[99,522],[315,599],[522,500],[599,284],[500,77],[284,0],[77,99],[0,315]]","false","8","main_T2_Trial","s","img/Fire_Down_Target.gif","[""img/Fire_Up_Distractor.gif"",""img/Fire_Up_Distractor.gif"",""img/Fire_Up_Distractor.gif"",""img/Fire_Up_Distractor.gif"",""img/Fire_Up_Distractor.gif"",""img/Fire_Up_Distractor.gif"",""img/Fire_Up_Distractor.gif"",""img/Fire_Up_Distractor.gif"",""img/Fire_Up_Distractor.gif"",""img/Fire_Up_Distractor.gif"",""img/Fire_Up_Distractor.gif"",""img/Fire_Up_Distractor.gif""]","8","targetDown_distractorsUp"
"","","","","","html-keyboard-response","34","539864","0.0-14.0-0.0-0.10","5ef4af3235893307228fc968","619531dcf66c91622fa1b861","61959597eebdd7cb37359fa6","null","","null","","","","","main_T1_ITI","","","","",""
"","","","","","visual-search-circle","35","542118","0.0-14.0-0.0-1.10","5ef4af3235893307228fc968","619531dcf66c91622fa1b861","61959597eebdd7cb37359fa6","1237","","s","true","[[21,187],[107,529],[458,554],[591,227],[320,0]]","false","5","main_T2_Trial","s","img/Fire_Down_Target.gif","[""img/Fire_Up_Distractor.gif"",""img/Fire_Up_Distractor.gif"",""img/Fire_Up_Distractor.gif"",""img/Fire_Up_Distractor.gif"",""img/Fire_Up_Distractor.gif"",""img/Fire_Up_Distractor.gif"",""img/Fire_Up_Distractor.gif"",""img/Fire_Up_Distractor.gif"",""img/Fire_Up_Distractor.gif"",""img/Fire_Up_Distractor.gif"",""img/Fire_Up_Distractor.gif"",""img/Fire_Up_Distractor.gif""]","5","targetDown_distractorsUp"
"","","","","","html-keyboard-response","36","542119","0.0-14.0-0.0-0.11","5ef4af3235893307228fc968","619531dcf66c91622fa1b861","61959597eebdd7cb37359fa6","null","","null","","","","","main_T1_ITI","","","","",""
"","","","","","visual-search-circle","37","544501","0.0-14.0-0.0-1.11","5ef4af3235893307228fc968","619531dcf66c91622fa1b861","61959597eebdd7cb37359fa6","1371","","s","true","[[115,536],[467,548],[588,217],[310,0],[18,197]]","false","5","main_T2_Trial","s","img/Fire_Down_Target.gif","[""img/Fire_Up_Distractor.gif"",""img/Fire_Up_Distractor.gif"",""img/Fire_Up_Distractor.gif"",""img/Fire_Up_Distractor.gif"",""img/Fire_Up_Distractor.gif"",""img/Fire_Up_Distractor.gif"",""img/Fire_Up_Distractor.gif"",""img/Fire_Up_Distractor.gif"",""img/Fire_Up_Distractor.gif"",""img/Fire_Up_Distractor.gif"",""img/Fire_Up_Distractor.gif"",""img/Fire_Up_Distractor.gif""]","5","targetDown_distractorsUp"
"","","","","","html-keyboard-response","38","544501","0.0-14.0-0.0-0.12","5ef4af3235893307228fc968","619531dcf66c91622fa1b861","61959597eebdd7cb37359fa6","null","","null","","","","","main_T1_ITI","","","","",""
"","","","","","visual-search-circle","39","547270","0.0-14.0-0.0-1.12","5ef4af3235893307228fc968","619531dcf66c91622fa1b861","61959597eebdd7cb37359fa6","1764","","s","true","[[45,458],[458,554],[554,141],[141,45]]","false","4","main_T2_Trial","s","img/Fire_Down_Target.gif","[""img/Fire_Up_Distractor.gif"",""img/Fire_Up_Distractor.gif"",""img/Fire_Up_Distractor.gif"",""img/Fire_Up_Distractor.gif"",""img/Fire_Up_Distractor.gif"",""img/Fire_Up_Distractor.gif"",""img/Fire_Up_Distractor.gif"",""img/Fire_Up_Distractor.gif"",""img/Fire_Up_Distractor.gif"",""img/Fire_Up_Distractor.gif"",""img/Fire_Up_Distractor.gif"",""img/Fire_Up_Distractor.gif""]","4","targetDown_distractorsUp"
"","","","","","html-keyboard-response","40","547271","0.0-14.0-0.0-0.13","5ef4af3235893307228fc968","619531dcf66c91622fa1b861","61959597eebdd7cb37359fa6","null","","null","","","","","main_T1_ITI","","","","",""
"","","","","","visual-search-circle","41","552362","0.0-14.0-0.0-1.13","5ef4af3235893307228fc968","619531dcf66c91622fa1b861","61959597eebdd7cb37359fa6","4077","","d","true","[[569,168],[365,7],[111,66],[0,301],[114,535],[368,592],[570,428]]","true","7","main_T2_Trial","d","img/Fire_Up_Target.gif","[""img/Fire_Down_Distractor.gif"",""img/Fire_Down_Distractor.gif"",""img/Fire_Down_Distractor.gif"",""img/Fire_Down_Distractor.gif"",""img/Fire_Down_Distractor.gif"",""img/Fire_Down_Distractor.gif"",""img/Fire_Down_Distractor.gif"",""img/Fire_Down_Distractor.gif"",""img/Fire_Down_Distractor.gif"",""img/Fire_Down_Distractor.gif"",""img/Fire_Down_Distractor.gif"",""img/Fire_Down_Distractor.gif""]","7","targetUp_distractorsDown"
"","","","","","html-keyboard-response","42","552366","0.0-14.0-0.0-0.14","5ef4af3235893307228fc968","619531dcf66c91622fa1b861","61959597eebdd7cb37359fa6","null","","null","","","","","main_T1_ITI","","","","",""
"","","","","","visual-search-circle","43","555278","0.0-14.0-0.0-1.14","5ef4af3235893307228fc968","619531dcf66c91622fa1b861","61959597eebdd7cb37359fa6","1893","","s","true","[[542,476],[589,220],[417,24],[157,35],[4,246],[74,497],[313,599]]","false","7","main_T2_Trial","s","img/Fire_Up_Target.gif","[""img/Fire_Down_Distractor.gif"",""img/Fire_Down_Distractor.gif"",""img/Fire_Down_Distractor.gif"",""img/Fire_Down_Distractor.gif"",""img/Fire_Down_Distractor.gif"",""img/Fire_Down_Distractor.gif"",""img/Fire_Down_Distractor.gif"",""img/Fire_Down_Distractor.gif"",""img/Fire_Down_Distractor.gif"",""img/Fire_Down_Distractor.gif"",""img/Fire_Down_Distractor.gif"",""img/Fire_Down_Distractor.gif""]","7","targetUp_distractorsDown"
"","","","","","html-keyboard-response","44","555280","0.0-14.0-0.0-0.15","5ef4af3235893307228fc968","619531dcf66c91622fa1b861","61959597eebdd7cb37359fa6","null","","null","","","","","main_T1_ITI","","","","",""
"","","","","","visual-search-circle","45","558621","0.0-14.0-0.0-1.15","5ef4af3235893307228fc968","619531dcf66c91622fa1b861","61959597eebdd7cb37359fa6","2322","","d","true","[[63,115],[21,412],[258,597],[536,484],[578,187],[341,2]]","true","6","main_T2_Trial","d","img/Fire_Up_Target.gif","[""img/Fire_Down_Distractor.gif"",""img/Fire_Down_Distractor.gif"",""img/Fire_Down_Distractor.gif"",""img/Fire_Down_Distractor.gif"",""img/Fire_Down_Distractor.gif"",""img/Fire_Down_Distractor.gif"",""img/Fire_Down_Distractor.gif"",""img/Fire_Down_Distractor.gif"",""img/Fire_Down_Distractor.gif"",""img/Fire_Down_Distractor.gif"",""img/Fire_Down_Distractor.gif"",""img/Fire_Down_Distractor.gif""]","6","targetUp_distractorsDown"
"","","","","","html-keyboard-response","46","558621","0.0-14.0-0.0-0.16","5ef4af3235893307228fc968","619531dcf66c91622fa1b861","61959597eebdd7cb37359fa6","null","","null","","","","","main_T1_ITI","","","","",""
"","","","","","visual-search-circle","47","561917","0.0-14.0-0.0-1.16","5ef4af3235893307228fc968","619531dcf66c91622fa1b861","61959597eebdd7cb37359fa6","2284","","s","true","[[436,32],[175,26],[9,226],[61,481],[293,599],[530,492],[593,239]]","false","7","main_T2_Trial","s","img/Fire_Down_Target.gif","[""img/Fire_Up_Distractor.gif"",""img/Fire_Up_Distractor.gif"",""img/Fire_Up_Distractor.gif"",""img/Fire_Up_Distractor.gif"",""img/Fire_Up_Distractor.gif"",""img/Fire_Up_Distractor.gif"",""img/Fire_Up_Distractor.gif"",""img/Fire_Up_Distractor.gif"",""img/Fire_Up_Distractor.gif"",""img/Fire_Up_Distractor.gif"",""img/Fire_Up_Distractor.gif"",""img/Fire_Up_Distractor.gif""]","7","targetDown_distractorsUp"
"","","","","","html-keyboard-response","48","561917","0.0-14.0-0.0-0.17","5ef4af3235893307228fc968","619531dcf66c91622fa1b861","61959597eebdd7cb37359fa6","null","","null","","","","","main_T1_ITI","","","","",""
"","","","","","visual-search-circle","49","564686","0.0-14.0-0.0-1.17","5ef4af3235893307228fc968","619531dcf66c91622fa1b861","61959597eebdd7cb37359fa6","1755","","s","true","[[562,445],[577,185],[383,11],[126,55],[0,282],[99,523],[349,595]]","false","7","main_T2_Trial","s","img/Fire_Down_Target.gif","[""img/Fire_Up_Distractor.gif"",""img/Fire_Up_Distractor.gif"",""img/Fire_Up_Distractor.gif"",""img/Fire_Up_Distractor.gif"",""img/Fire_Up_Distractor.gif"",""img/Fire_Up_Distractor.gif"",""img/Fire_Up_Distractor.gif"",""img/Fire_Up_Distractor.gif"",""img/Fire_Up_Distractor.gif"",""img/Fire_Up_Distractor.gif"",""img/Fire_Up_Distractor.gif"",""img/Fire_Up_Distractor.gif""]","7","targetDown_distractorsUp"
"","","","","","html-keyboard-response","50","564686","0.0-14.0-0.0-0.18","5ef4af3235893307228fc968","619531dcf66c91622fa1b861","61959597eebdd7cb37359fa6","null","","null","","","","","main_T1_ITI","","","","",""
"","","","","","visual-search-circle","51","568760","0.0-14.0-0.0-1.18","5ef4af3235893307228fc968","619531dcf66c91622fa1b861","61959597eebdd7cb37359fa6","3057","","d","true","[[542,476],[596,253],[476,57],[253,3],[57,123],[3,346],[123,542],[346,596]]","true","8","main_T2_Trial","d","img/Fire_Down_Target.gif","[""img/Fire_Up_Distractor.gif"",""img/Fire_Up_Distractor.gif"",""img/Fire_Up_Distractor.gif"",""img/Fire_Up_Distractor.gif"",""img/Fire_Up_Distractor.gif"",""img/Fire_Up_Distractor.gif"",""img/Fire_Up_Distractor.gif"",""img/Fire_Up_Distractor.gif"",""img/Fire_Up_Distractor.gif"",""img/Fire_Up_Distractor.gif"",""img/Fire_Up_Distractor.gif"",""img/Fire_Up_Distractor.gif""]","8","targetDown_distractorsUp"
"","","","","","html-keyboard-response","52","572333","0.0-14.0-0.0-0.19","5ef4af3235893307228fc968","619531dcf66c91622fa1b861","61959597eebdd7cb37359fa6","3574","Wow! You've completed 20 out of 160 trials! </p> <p>  </p><p> Take a quick break, then press any key when you're ready to continue.","d","","","","","main_T1_ITI","","","","",""
"","","","","","visual-search-circle","53","574971","0.0-14.0-0.0-1.19","5ef4af3235893307228fc968","619531dcf66c91622fa1b861","61959597eebdd7cb37359fa6","1633","","d","true","[[326,1],[82,93],[2,341],[146,557],[406,580],[585,391],[549,134]]","true","7","main_T2_Trial","d","img/Fire_Down_Target.gif","[""img/Fire_Up_Distractor.gif"",""img/Fire_Up_Distractor.gif"",""img/Fire_Up_Distractor.gif"",""img/Fire_Up_Distractor.gif"",""img/Fire_Up_Distractor.gif"",""img/Fire_Up_Distractor.gif"",""img/Fire_Up_Distractor.gif"",""img/Fire_Up_Distractor.gif"",""img/Fire_Up_Distractor.gif"",""img/Fire_Up_Distractor.gif"",""img/Fire_Up_Distractor.gif"",""img/Fire_Up_Distractor.gif""]","7","targetDown_distractorsUp"
"","","","","","html-keyboard-response","54","574971","0.0-14.0-0.0-0.20","5ef4af3235893307228fc968","619531dcf66c91622fa1b861","61959597eebdd7cb37359fa6","null","","null","","","","","main_T1_ITI","","","","",""
"","","","","","visual-search-circle","55","581689","0.0-14.0-0.0-1.20","5ef4af3235893307228fc968","619531dcf66c91622fa1b861","61959597eebdd7cb37359fa6","5697","","s","true","[[515,91],[271,1],[48,135],[15,394],[195,581],[455,556],[597,338]]","false","7","main_T2_Trial","s","img/Fire_Down_Target.gif","[""img/Fire_Up_Distractor.gif"",""img/Fire_Up_Distractor.gif"",""img/Fire_Up_Distractor.gif"",""img/Fire_Up_Distractor.gif"",""img/Fire_Up_Distractor.gif"",""img/Fire_Up_Distractor.gif"",""img/Fire_Up_Distractor.gif"",""img/Fire_Up_Distractor.gif"",""img/Fire_Up_Distractor.gif"",""img/Fire_Up_Distractor.gif"",""img/Fire_Up_Distractor.gif"",""img/Fire_Up_Distractor.gif""]","7","targetDown_distractorsUp"
"","","","","","html-keyboard-response","56","581689","0.0-14.0-0.0-0.21","5ef4af3235893307228fc968","619531dcf66c91622fa1b861","61959597eebdd7cb37359fa6","null","","null","","","","","main_T1_ITI","","","","",""
"","","","","","visual-search-circle","57","583806","0.0-14.0-0.0-1.21","5ef4af3235893307228fc968","619531dcf66c91622fa1b861","61959597eebdd7cb37359fa6","1104","","d","true","[[51,467],[467,548],[548,132],[132,51]]","true","4","main_T2_Trial","d","img/Fire_Up_Target.gif","[""img/Fire_Down_Distractor.gif"",""img/Fire_Down_Distractor.gif"",""img/Fire_Down_Distractor.gif"",""img/Fire_Down_Distractor.gif"",""img/Fire_Down_Distractor.gif"",""img/Fire_Down_Distractor.gif"",""img/Fire_Down_Distractor.gif"",""img/Fire_Down_Distractor.gif"",""img/Fire_Down_Distractor.gif"",""img/Fire_Down_Distractor.gif"",""img/Fire_Down_Distractor.gif"",""img/Fire_Down_Distractor.gif""]","4","targetUp_distractorsDown"
"","","","","","html-keyboard-response","58","583806","0.0-14.0-0.0-0.22","5ef4af3235893307228fc968","619531dcf66c91622fa1b861","61959597eebdd7cb37359fa6","null","","null","","","","","main_T1_ITI","","","","",""
"","","","","","visual-search-circle","59","586246","0.0-14.0-0.0-1.22","5ef4af3235893307228fc968","619531dcf66c91622fa1b861","61959597eebdd7cb37359fa6","1423","","s","true","[[599,279],[279,0],[0,320],[320,599]]","false","4","main_T2_Trial","s","img/Fire_Down_Target.gif","[""img/Fire_Up_Distractor.gif"",""img/Fire_Up_Distractor.gif"",""img/Fire_Up_Distractor.gif"",""img/Fire_Up_Distractor.gif"",""img/Fire_Up_Distractor.gif"",""img/Fire_Up_Distractor.gif"",""img/Fire_Up_Distractor.gif"",""img/Fire_Up_Distractor.gif"",""img/Fire_Up_Distractor.gif"",""img/Fire_Up_Distractor.gif"",""img/Fire_Up_Distractor.gif"",""img/Fire_Up_Distractor.gif""]","4","targetDown_distractorsUp"
"","","","","","html-keyboard-response","60","586246","0.0-14.0-0.0-0.23","5ef4af3235893307228fc968","619531dcf66c91622fa1b861","61959597eebdd7cb37359fa6","null","","null","","","","","main_T1_ITI","","","","",""
"","","","","","visual-search-circle","61","588245","0.0-14.0-0.0-1.23","5ef4af3235893307228fc968","619531dcf66c91622fa1b861","61959597eebdd7cb37359fa6","990","","d","true","[[519,504],[504,80],[80,95],[95,519]]","true","4","main_T2_Trial","d","img/Fire_Up_Target.gif","[""img/Fire_Down_Distractor.gif"",""img/Fire_Down_Distractor.gif"",""img/Fire_Down_Distractor.gif"",""img/Fire_Down_Distractor.gif"",""img/Fire_Down_Distractor.gif"",""img/Fire_Down_Distractor.gif"",""img/Fire_Down_Distractor.gif"",""img/Fire_Down_Distractor.gif"",""img/Fire_Down_Distractor.gif"",""img/Fire_Down_Distractor.gif"",""img/Fire_Down_Distractor.gif"",""img/Fire_Down_Distractor.gif""]","4","targetUp_distractorsDown"
"","","","","","html-keyboard-response","62","588245","0.0-14.0-0.0-0.24","5ef4af3235893307228fc968","619531dcf66c91622fa1b861","61959597eebdd7cb37359fa6","null","","null","","","","","main_T1_ITI","","","","",""
"","","","","","visual-search-circle","63","590720","0.0-14.0-0.0-1.24","5ef4af3235893307228fc968","619531dcf66c91622fa1b861","61959597eebdd7cb37359fa6","1459","","s","true","[[392,14],[14,207],[207,585],[585,392]]","false","4","main_T2_Trial","s","img/Fire_Up_Target.gif","[""img/Fire_Down_Distractor.gif"",""img/Fire_Down_Distractor.gif"",""img/Fire_Down_Distractor.gif"",""img/Fire_Down_Distractor.gif"",""img/Fire_Down_Distractor.gif"",""img/Fire_Down_Distractor.gif"",""img/Fire_Down_Distractor.gif"",""img/Fire_Down_Distractor.gif"",""img/Fire_Down_Distractor.gif"",""img/Fire_Down_Distractor.gif"",""img/Fire_Down_Distractor.gif"",""img/Fire_Down_Distractor.gif""]","4","targetUp_distractorsDown"
"","","","","","html-keyboard-response","64","590721","0.0-14.0-0.0-0.25","5ef4af3235893307228fc968","619531dcf66c91622fa1b861","61959597eebdd7cb37359fa6","null","","null","","","","","main_T1_ITI","","","","",""
"","","","","","visual-search-circle","65","593659","0.0-14.0-0.0-1.25","5ef4af3235893307228fc968","619531dcf66c91622fa1b861","61959597eebdd7cb37359fa6","1926","","s","true","[[227,8],[0,279],[187,578],[529,492],[554,141]]","false","5","main_T2_Trial","s","img/Fire_Up_Target.gif","[""img/Fire_Down_Distractor.gif"",""img/Fire_Down_Distractor.gif"",""img/Fire_Down_Distractor.gif"",""img/Fire_Down_Distractor.gif"",""img/Fire_Down_Distractor.gif"",""img/Fire_Down_Distractor.gif"",""img/Fire_Down_Distractor.gif"",""img/Fire_Down_Distractor.gif"",""img/Fire_Down_Distractor.gif"",""img/Fire_Down_Distractor.gif"",""img/Fire_Down_Distractor.gif"",""img/Fire_Down_Distractor.gif""]","5","targetUp_distractorsDown"
"","","","","","html-keyboard-response","66","593660","0.0-14.0-0.0-0.26","5ef4af3235893307228fc968","619531dcf66c91622fa1b861","61959597eebdd7cb37359fa6","null","","null","","","","","main_T1_ITI","","","","",""
"","","","","","visual-search-circle","67","597023","0.0-14.0-0.0-1.26","5ef4af3235893307228fc968","619531dcf66c91622fa1b861","61959597eebdd7cb37359fa6","2353","","s","true","[[145,557],[557,454],[454,42],[42,145]]","false","4","main_T2_Trial","s","img/Fire_Down_Target.gif","[""img/Fire_Up_Distractor.gif"",""img/Fire_Up_Distractor.gif"",""img/Fire_Up_Distractor.gif"",""img/Fire_Up_Distractor.gif"",""img/Fire_Up_Distractor.gif"",""img/Fire_Up_Distractor.gif"",""img/Fire_Up_Distractor.gif"",""img/Fire_Up_Distractor.gif"",""img/Fire_Up_Distractor.gif"",""img/Fire_Up_Distractor.gif"",""img/Fire_Up_Distractor.gif"",""img/Fire_Up_Distractor.gif""]","4","targetDown_distractorsUp"
"","","","","","html-keyboard-response","68","597024","0.0-14.0-0.0-0.27","5ef4af3235893307228fc968","619531dcf66c91622fa1b861","61959597eebdd7cb37359fa6","null","","null","","","","","main_T1_ITI","","","","",""
"","","","","","visual-search-circle","69","602488","0.0-14.0-0.0-1.27","5ef4af3235893307228fc968","619531dcf66c91622fa1b861","61959597eebdd7cb37359fa6","4454","","d","true","[[526,496],[496,73],[73,103],[103,526]]","true","4","main_T2_Trial","d","img/Fire_Up_Target.gif","[""img/Fire_Down_Distractor.gif"",""img/Fire_Down_Distractor.gif"",""img/Fire_Down_Distractor.gif"",""img/Fire_Down_Distractor.gif"",""img/Fire_Down_Distractor.gif"",""img/Fire_Down_Distractor.gif"",""img/Fire_Down_Distractor.gif"",""img/Fire_Down_Distractor.gif"",""img/Fire_Down_Distractor.gif"",""img/Fire_Down_Distractor.gif"",""img/Fire_Down_Distractor.gif"",""img/Fire_Down_Distractor.gif""]","4","targetUp_distractorsDown"
"","","","","","html-keyboard-response","70","602489","0.0-14.0-0.0-0.28","5ef4af3235893307228fc968","619531dcf66c91622fa1b861","61959597eebdd7cb37359fa6","null","","null","","","","","main_T1_ITI","","","","",""
"","","","","","visual-search-circle","71","605657","0.0-14.0-0.0-1.28","5ef4af3235893307228fc968","619531dcf66c91622fa1b861","61959597eebdd7cb37359fa6","2159","","d","true","[[192,19],[25,177],[19,407],[177,574],[407,580],[574,422],[580,192],[422,25]]","true","8","main_T2_Trial","d","img/Fire_Down_Target.gif","[""img/Fire_Up_Distractor.gif"",""img/Fire_Up_Distractor.gif"",""img/Fire_Up_Distractor.gif"",""img/Fire_Up_Distractor.gif"",""img/Fire_Up_Distractor.gif"",""img/Fire_Up_Distractor.gif"",""img/Fire_Up_Distractor.gif"",""img/Fire_Up_Distractor.gif"",""img/Fire_Up_Distractor.gif"",""img/Fire_Up_Distractor.gif"",""img/Fire_Up_Distractor.gif"",""img/Fire_Up_Distractor.gif""]","8","targetDown_distractorsUp"
"","","","","","html-keyboard-response","72","605657","0.0-14.0-0.0-0.29","5ef4af3235893307228fc968","619531dcf66c91622fa1b861","61959597eebdd7cb37359fa6","null","","null","","","","","main_T1_ITI","","","","",""
"","","","","","visual-search-circle","73","608205","0.0-14.0-0.0-1.29","5ef4af3235893307228fc968","619531dcf66c91622fa1b861","61959597eebdd7cb37359fa6","1522","","s","true","[[548,132],[357,5],[132,51],[5,242],[51,467],[242,594],[467,548],[594,357]]","false","8","main_T2_Trial","s","img/Fire_Down_Target.gif","[""img/Fire_Up_Distractor.gif"",""img/Fire_Up_Distractor.gif"",""img/Fire_Up_Distractor.gif"",""img/Fire_Up_Distractor.gif"",""img/Fire_Up_Distractor.gif"",""img/Fire_Up_Distractor.gif"",""img/Fire_Up_Distractor.gif"",""img/Fire_Up_Distractor.gif"",""img/Fire_Up_Distractor.gif"",""img/Fire_Up_Distractor.gif"",""img/Fire_Up_Distractor.gif"",""img/Fire_Up_Distractor.gif""]","8","targetDown_distractorsUp"
"","","","","","html-keyboard-response","74","608205","0.0-14.0-0.0-0.30","5ef4af3235893307228fc968","619531dcf66c91622fa1b861","61959597eebdd7cb37359fa6","null","","null","","","","","main_T1_ITI","","","","",""
"","","","","","visual-search-circle","75","611297","0.0-14.0-0.0-1.30","5ef4af3235893307228fc968","619531dcf66c91622fa1b861","61959597eebdd7cb37359fa6","2080","","s","true","[[377,589],[589,222],[222,10],[10,377]]","false","4","main_T2_Trial","s","img/Fire_Down_Target.gif","[""img/Fire_Up_Distractor.gif"",""img/Fire_Up_Distractor.gif"",""img/Fire_Up_Distractor.gif"",""img/Fire_Up_Distractor.gif"",""img/Fire_Up_Distractor.gif"",""img/Fire_Up_Distractor.gif"",""img/Fire_Up_Distractor.gif"",""img/Fire_Up_Distractor.gif"",""img/Fire_Up_Distractor.gif"",""img/Fire_Up_Distractor.gif"",""img/Fire_Up_Distractor.gif"",""img/Fire_Up_Distractor.gif""]","4","targetDown_distractorsUp"
"","","","","","html-keyboard-response","76","611297","0.0-14.0-0.0-0.31","5ef4af3235893307228fc968","619531dcf66c91622fa1b861","61959597eebdd7cb37359fa6","null","","null","","","","","main_T1_ITI","","","","",""
"","","","","","visual-search-circle","77","614745","0.0-14.0-0.0-1.31","5ef4af3235893307228fc968","619531dcf66c91622fa1b861","61959597eebdd7cb37359fa6","2430","","d","true","[[422,574],[580,407],[574,177],[407,19],[177,25],[19,192],[25,422],[192,580]]","true","8","main_T2_Trial","d","img/Fire_Up_Target.gif","[""img/Fire_Down_Distractor.gif"",""img/Fire_Down_Distractor.gif"",""img/Fire_Down_Distractor.gif"",""img/Fire_Down_Distractor.gif"",""img/Fire_Down_Distractor.gif"",""img/Fire_Down_Distractor.gif"",""img/Fire_Down_Distractor.gif"",""img/Fire_Down_Distractor.gif"",""img/Fire_Down_Distractor.gif"",""img/Fire_Down_Distractor.gif"",""img/Fire_Down_Distractor.gif"",""img/Fire_Down_Distractor.gif""]","8","targetUp_distractorsDown"
"","","","","","html-keyboard-response","78","614746","0.0-14.0-0.0-0.32","5ef4af3235893307228fc968","619531dcf66c91622fa1b861","61959597eebdd7cb37359fa6","null","","null","","","","","main_T1_ITI","","","","",""
"","","","","","visual-search-circle","79","617518","0.0-14.0-0.0-1.32","5ef4af3235893307228fc968","619531dcf66c91622fa1b861","61959597eebdd7cb37359fa6","1757","","d","true","[[168,30],[2,341],[247,595],[564,440],[515,91]]","true","5","main_T2_Trial","d","img/Fire_Up_Target.gif","[""img/Fire_Down_Distractor.gif"",""img/Fire_Down_Distractor.gif"",""img/Fire_Down_Distractor.gif"",""img/Fire_Down_Distractor.gif"",""img/Fire_Down_Distractor.gif"",""img/Fire_Down_Distractor.gif"",""img/Fire_Down_Distractor.gif"",""img/Fire_Down_Distractor.gif"",""img/Fire_Down_Distractor.gif"",""img/Fire_Down_Distractor.gif"",""img/Fire_Down_Distractor.gif"",""img/Fire_Down_Distractor.gif""]","5","targetUp_distractorsDown"
"","","","","","html-keyboard-response","80","617518","0.0-14.0-0.0-0.33","5ef4af3235893307228fc968","619531dcf66c91622fa1b861","61959597eebdd7cb37359fa6","null","","null","","","","","main_T1_ITI","","","","",""
"","","","","","visual-search-circle","81","622478","0.0-14.0-0.0-1.33","5ef4af3235893307228fc968","619531dcf66c91622fa1b861","61959597eebdd7cb37359fa6","3953","","d","true","[[123,57],[1,331],[177,574],[476,542],[598,268],[422,25]]","true","6","main_T2_Trial","d","img/Fire_Up_Target.gif","[""img/Fire_Down_Distractor.gif"",""img/Fire_Down_Distractor.gif"",""img/Fire_Down_Distractor.gif"",""img/Fire_Down_Distractor.gif"",""img/Fire_Down_Distractor.gif"",""img/Fire_Down_Distractor.gif"",""img/Fire_Down_Distractor.gif"",""img/Fire_Down_Distractor.gif"",""img/Fire_Down_Distractor.gif"",""img/Fire_Down_Distractor.gif"",""img/Fire_Down_Distractor.gif"",""img/Fire_Down_Distractor.gif""]","6","targetUp_distractorsDown"
"","","","","","html-keyboard-response","82","622479","0.0-14.0-0.0-0.34","5ef4af3235893307228fc968","619531dcf66c91622fa1b861","61959597eebdd7cb37359fa6","null","","null","","","","","main_T1_ITI","","","","",""
"","","","","","visual-search-circle","83","625430","0.0-14.0-0.0-1.34","5ef4af3235893307228fc968","619531dcf66c91622fa1b861","61959597eebdd7cb37359fa6","1930","","s","true","[[66,111],[1,331],[111,533],[331,598],[533,488],[598,268],[488,66],[268,1]]","false","8","main_T2_Trial","s","img/Fire_Down_Target.gif","[""img/Fire_Up_Distractor.gif"",""img/Fire_Up_Distractor.gif"",""img/Fire_Up_Distractor.gif"",""img/Fire_Up_Distractor.gif"",""img/Fire_Up_Distractor.gif"",""img/Fire_Up_Distractor.gif"",""img/Fire_Up_Distractor.gif"",""img/Fire_Up_Distractor.gif"",""img/Fire_Up_Distractor.gif"",""img/Fire_Up_Distractor.gif"",""img/Fire_Up_Distractor.gif"",""img/Fire_Up_Distractor.gif""]","8","targetDown_distractorsUp"
"","","","","","html-keyboard-response","84","625431","0.0-14.0-0.0-0.35","5ef4af3235893307228fc968","619531dcf66c91622fa1b861","61959597eebdd7cb37359fa6","null","","null","","","","","main_T1_ITI","","","","",""
"","","","","","visual-search-circle","85","631027","0.0-14.0-0.0-1.35","5ef4af3235893307228fc968","619531dcf66c91622fa1b861","61959597eebdd7cb37359fa6","4590","","d","true","[[450,559],[593,237],[331,1],[25,177],[99,522]]","true","5","main_T2_Trial","d","img/Fire_Down_Target.gif","[""img/Fire_Up_Distractor.gif"",""img/Fire_Up_Distractor.gif"",""img/Fire_Up_Distractor.gif"",""img/Fire_Up_Distractor.gif"",""img/Fire_Up_Distractor.gif"",""img/Fire_Up_Distractor.gif"",""img/Fire_Up_Distractor.gif"",""img/Fire_Up_Distractor.gif"",""img/Fire_Up_Distractor.gif"",""img/Fire_Up_Distractor.gif"",""img/Fire_Up_Distractor.gif"",""img/Fire_Up_Distractor.gif""]","5","targetDown_distractorsUp"
"","","","","","html-keyboard-response","86","631028","0.0-14.0-0.0-0.36","5ef4af3235893307228fc968","619531dcf66c91622fa1b861","61959597eebdd7cb37359fa6","null","","null","","","","","main_T1_ITI","","","","",""
"","","","","","visual-search-circle","87","633919","0.0-14.0-0.0-1.36","5ef4af3235893307228fc968","619531dcf66c91622fa1b861","61959597eebdd7cb37359fa6","1873","","d","true","[[13,212],[80,504],[367,592],[586,387],[519,95],[232,7]]","true","6","main_T2_Trial","d","img/Fire_Up_Target.gif","[""img/Fire_Down_Distractor.gif"",""img/Fire_Down_Distractor.gif"",""img/Fire_Down_Distractor.gif"",""img/Fire_Down_Distractor.gif"",""img/Fire_Down_Distractor.gif"",""img/Fire_Down_Distractor.gif"",""img/Fire_Down_Distractor.gif"",""img/Fire_Down_Distractor.gif"",""img/Fire_Down_Distractor.gif"",""img/Fire_Down_Distractor.gif"",""img/Fire_Down_Distractor.gif"",""img/Fire_Down_Distractor.gif""]","6","targetUp_distractorsDown"
"","","","","","html-keyboard-response","88","633919","0.0-14.0-0.0-0.37","5ef4af3235893307228fc968","619531dcf66c91622fa1b861","61959597eebdd7cb37359fa6","null","","null","","","","","main_T1_ITI","","","","",""
"","","","","","visual-search-circle","89","636483","0.0-14.0-0.0-1.37","5ef4af3235893307228fc968","619531dcf66c91622fa1b861","61959597eebdd7cb37359fa6","1552","","s","true","[[154,562],[504,519],[571,173],[263,2],[5,242]]","false","5","main_T2_Trial","s","img/Fire_Up_Target.gif","[""img/Fire_Down_Distractor.gif"",""img/Fire_Down_Distractor.gif"",""img/Fire_Down_Distractor.gif"",""img/Fire_Down_Distractor.gif"",""img/Fire_Down_Distractor.gif"",""img/Fire_Down_Distractor.gif"",""img/Fire_Down_Distractor.gif"",""img/Fire_Down_Distractor.gif"",""img/Fire_Down_Distractor.gif"",""img/Fire_Down_Distractor.gif"",""img/Fire_Down_Distractor.gif"",""img/Fire_Down_Distractor.gif""]","5","targetUp_distractorsDown"
"","","","","","html-keyboard-response","90","636483","0.0-14.0-0.0-0.38","5ef4af3235893307228fc968","619531dcf66c91622fa1b861","61959597eebdd7cb37359fa6","null","","null","","","","","main_T1_ITI","","","","",""
"","","","","","visual-search-circle","91","639610","0.0-14.0-0.0-1.38","5ef4af3235893307228fc968","619531dcf66c91622fa1b861","61959597eebdd7cb37359fa6","2107","","s","true","[[10,377],[222,589],[512,512],[589,222],[377,10],[87,87]]","false","6","main_T2_Trial","s","img/Fire_Up_Target.gif","[""img/Fire_Down_Distractor.gif"",""img/Fire_Down_Distractor.gif"",""img/Fire_Down_Distractor.gif"",""img/Fire_Down_Distractor.gif"",""img/Fire_Down_Distractor.gif"",""img/Fire_Down_Distractor.gif"",""img/Fire_Down_Distractor.gif"",""img/Fire_Down_Distractor.gif"",""img/Fire_Down_Distractor.gif"",""img/Fire_Down_Distractor.gif"",""img/Fire_Down_Distractor.gif"",""img/Fire_Down_Distractor.gif""]","6","targetUp_distractorsDown"
"","","","","","html-keyboard-response","92","642972","0.0-14.0-0.0-0.39","5ef4af3235893307228fc968","619531dcf66c91622fa1b861","61959597eebdd7cb37359fa6","3360","Wow! You've completed 40 out of 160 trials! </p> <p>  </p><p> Take a quick break, then press any key when you're ready to continue.","d","","","","","main_T1_ITI","","","","",""
"","","","","","visual-search-circle","93","645611","0.0-14.0-0.0-1.39","5ef4af3235893307228fc968","619531dcf66c91622fa1b861","61959597eebdd7cb37359fa6","1633","","s","true","[[154,37],[5,357],[263,597],[571,426],[504,80]]","false","5","main_T2_Trial","s","img/Fire_Down_Target.gif","[""img/Fire_Up_Distractor.gif"",""img/Fire_Up_Distractor.gif"",""img/Fire_Up_Distractor.gif"",""img/Fire_Up_Distractor.gif"",""img/Fire_Up_Distractor.gif"",""img/Fire_Up_Distractor.gif"",""img/Fire_Up_Distractor.gif"",""img/Fire_Up_Distractor.gif"",""img/Fire_Up_Distractor.gif"",""img/Fire_Up_Distractor.gif"",""img/Fire_Up_Distractor.gif"",""img/Fire_Up_Distractor.gif""]","5","targetDown_distractorsUp"
"","","","","","html-keyboard-response","94","645613","0.0-14.0-0.0-0.40","5ef4af3235893307228fc968","619531dcf66c91622fa1b861","61959597eebdd7cb37359fa6","null","","null","","","","","main_T1_ITI","","","","",""
"","","","","","visual-search-circle","95","648301","0.0-14.0-0.0-1.40","5ef4af3235893307228fc968","619531dcf66c91622fa1b861","61959597eebdd7cb37359fa6","1673","","d","true","[[11,217],[55,473],[283,599],[523,499],[595,249],[444,37],[184,22]]","true","7","main_T2_Trial","d","img/Fire_Up_Target.gif","[""img/Fire_Down_Distractor.gif"",""img/Fire_Down_Distractor.gif"",""img/Fire_Down_Distractor.gif"",""img/Fire_Down_Distractor.gif"",""img/Fire_Down_Distractor.gif"",""img/Fire_Down_Distractor.gif"",""img/Fire_Down_Distractor.gif"",""img/Fire_Down_Distractor.gif"",""img/Fire_Down_Distractor.gif"",""img/Fire_Down_Distractor.gif"",""img/Fire_Down_Distractor.gif"",""img/Fire_Down_Distractor.gif""]","7","targetUp_distractorsDown"
"","","","","","html-keyboard-response","96","648302","0.0-14.0-0.0-0.41","5ef4af3235893307228fc968","619531dcf66c91622fa1b861","61959597eebdd7cb37359fa6","null","","null","","","","","main_T1_ITI","","","","",""
"","","","","","visual-search-circle","97","650699","0.0-14.0-0.0-1.41","5ef4af3235893307228fc968","619531dcf66c91622fa1b861","61959597eebdd7cb37359fa6","1386","","d","true","[[32,163],[26,424],[226,590],[481,538],[599,306],[492,69],[239,6]]","true","7","main_T2_Trial","d","img/Fire_Down_Target.gif","[""img/Fire_Up_Distractor.gif"",""img/Fire_Up_Distractor.gif"",""img/Fire_Up_Distractor.gif"",""img/Fire_Up_Distractor.gif"",""img/Fire_Up_Distractor.gif"",""img/Fire_Up_Distractor.gif"",""img/Fire_Up_Distractor.gif"",""img/Fire_Up_Distractor.gif"",""img/Fire_Up_Distractor.gif"",""img/Fire_Up_Distractor.gif"",""img/Fire_Up_Distractor.gif"",""img/Fire_Up_Distractor.gif""]","7","targetDown_distractorsUp"
"","","","","","html-keyboard-response","98","650700","0.0-14.0-0.0-0.42","5ef4af3235893307228fc968","619531dcf66c91622fa1b861","61959597eebdd7cb37359fa6","null","","null","","","","","main_T1_ITI","","","","",""
"","","","","","visual-search-circle","99","655062","0.0-14.0-0.0-1.42","5ef4af3235893307228fc968","619531dcf66c91622fa1b861","61959597eebdd7cb37359fa6","3343","","d","true","[[222,10],[0,284],[192,580],[533,488],[551,136]]","true","5","main_T2_Trial","d","img/Fire_Down_Target.gif","[""img/Fire_Up_Distractor.gif"",""img/Fire_Up_Distractor.gif"",""img/Fire_Up_Distractor.gif"",""img/Fire_Up_Distractor.gif"",""img/Fire_Up_Distractor.gif"",""img/Fire_Up_Distractor.gif"",""img/Fire_Up_Distractor.gif"",""img/Fire_Up_Distractor.gif"",""img/Fire_Up_Distractor.gif"",""img/Fire_Up_Distractor.gif"",""img/Fire_Up_Distractor.gif"",""img/Fire_Up_Distractor.gif""]","5","targetDown_distractorsUp"
"","","","","","html-keyboard-response","100","655063","0.0-14.0-0.0-0.43","5ef4af3235893307228fc968","619531dcf66c91622fa1b861","61959597eebdd7cb37359fa6","null","","null","","","","","main_T1_ITI","","","","",""
"","","","","","visual-search-circle","101","658206","0.0-14.0-0.0-1.43","5ef4af3235893307228fc968","619531dcf66c91622fa1b861","61959597eebdd7cb37359fa6","2137","","d","true","[[222,10],[40,150],[10,377],[149,559],[377,589],[559,450],[589,222],[449,40]]","true","8","main_T2_Trial","d","img/Fire_Down_Target.gif","[""img/Fire_Up_Distractor.gif"",""img/Fire_Up_Distractor.gif"",""img/Fire_Up_Distractor.gif"",""img/Fire_Up_Distractor.gif"",""img/Fire_Up_Distractor.gif"",""img/Fire_Up_Distractor.gif"",""img/Fire_Up_Distractor.gif"",""img/Fire_Up_Distractor.gif"",""img/Fire_Up_Distractor.gif"",""img/Fire_Up_Distractor.gif"",""img/Fire_Up_Distractor.gif"",""img/Fire_Up_Distractor.gif""]","8","targetDown_distractorsUp"
"","","","","","html-keyboard-response","102","658206","0.0-14.0-0.0-0.44","5ef4af3235893307228fc968","619531dcf66c91622fa1b861","61959597eebdd7cb37359fa6","null","","null","","","","","main_T1_ITI","","","","",""
"","","","","","visual-search-circle","103","660864","0.0-14.0-0.0-1.44","5ef4af3235893307228fc968","619531dcf66c91622fa1b861","61959597eebdd7cb37359fa6","1643","","s","true","[[95,519],[387,586],[592,367],[504,80],[212,13],[7,232]]","false","6","main_T2_Trial","s","img/Fire_Down_Target.gif","[""img/Fire_Up_Distractor.gif"",""img/Fire_Up_Distractor.gif"",""img/Fire_Up_Distractor.gif"",""img/Fire_Up_Distractor.gif"",""img/Fire_Up_Distractor.gif"",""img/Fire_Up_Distractor.gif"",""img/Fire_Up_Distractor.gif"",""img/Fire_Up_Distractor.gif"",""img/Fire_Up_Distractor.gif"",""img/Fire_Up_Distractor.gif"",""img/Fire_Up_Distractor.gif"",""img/Fire_Up_Distractor.gif""]","6","targetDown_distractorsUp"
"","","","","","html-keyboard-response","104","660864","0.0-14.0-0.0-0.45","5ef4af3235893307228fc968","619531dcf66c91622fa1b861","61959597eebdd7cb37359fa6","null","","null","","","","","main_T1_ITI","","","","",""
"","","","","","visual-search-circle","105","664256","0.0-14.0-0.0-1.45","5ef4af3235893307228fc968","619531dcf66c91622fa1b861","61959597eebdd7cb37359fa6","2385","","s","false","[[512,512],[589,222],[377,10],[87,87],[10,377],[222,589]]","true","6","main_T2_Trial","d","img/Fire_Up_Target.gif","[""img/Fire_Down_Distractor.gif"",""img/Fire_Down_Distractor.gif"",""img/Fire_Down_Distractor.gif"",""img/Fire_Down_Distractor.gif"",""img/Fire_Down_Distractor.gif"",""img/Fire_Down_Distractor.gif"",""img/Fire_Down_Distractor.gif"",""img/Fire_Down_Distractor.gif"",""img/Fire_Down_Distractor.gif"",""img/Fire_Down_Distractor.gif"",""img/Fire_Down_Distractor.gif"",""img/Fire_Down_Distractor.gif""]","6","targetUp_distractorsDown"
"","","","","","html-keyboard-response","106","664257","0.0-14.0-0.0-0.46","5ef4af3235893307228fc968","619531dcf66c91622fa1b861","61959597eebdd7cb37359fa6","null","","null","","","","","main_T1_ITI","","","","",""
"","","","","","visual-search-circle","107","667793","0.0-14.0-0.0-1.46","5ef4af3235893307228fc968","619531dcf66c91622fa1b861","61959597eebdd7cb37359fa6","2527","","s","true","[[237,593],[522,500],[585,207],[362,6],[77,99],[14,392]]","false","6","main_T2_Trial","s","img/Fire_Up_Target.gif","[""img/Fire_Down_Distractor.gif"",""img/Fire_Down_Distractor.gif"",""img/Fire_Down_Distractor.gif"",""img/Fire_Down_Distractor.gif"",""img/Fire_Down_Distractor.gif"",""img/Fire_Down_Distractor.gif"",""img/Fire_Down_Distractor.gif"",""img/Fire_Down_Distractor.gif"",""img/Fire_Down_Distractor.gif"",""img/Fire_Down_Distractor.gif"",""img/Fire_Down_Distractor.gif"",""img/Fire_Down_Distractor.gif""]","6","targetUp_distractorsDown"
"","","","","","html-keyboard-response","108","667794","0.0-14.0-0.0-0.47","5ef4af3235893307228fc968","619531dcf66c91622fa1b861","61959597eebdd7cb37359fa6","null","","null","","","","","main_T1_ITI","","","","",""
"","","","","","visual-search-circle","109","670538","0.0-14.0-0.0-1.47","5ef4af3235893307228fc968","619531dcf66c91622fa1b861","61959597eebdd7cb37359fa6","1737","","s","true","[[57,123],[25,422],[268,598],[542,476],[574,177],[331,1]]","false","6","main_T2_Trial","s","img/Fire_Down_Target.gif","[""img/Fire_Up_Distractor.gif"",""img/Fire_Up_Distractor.gif"",""img/Fire_Up_Distractor.gif"",""img/Fire_Up_Distractor.gif"",""img/Fire_Up_Distractor.gif"",""img/Fire_Up_Distractor.gif"",""img/Fire_Up_Distractor.gif"",""img/Fire_Up_Distractor.gif"",""img/Fire_Up_Distractor.gif"",""img/Fire_Up_Distractor.gif"",""img/Fire_Up_Distractor.gif"",""img/Fire_Up_Distractor.gif""]","6","targetDown_distractorsUp"
"","","","","","html-keyboard-response","110","670538","0.0-14.0-0.0-0.48","5ef4af3235893307228fc968","619531dcf66c91622fa1b861","61959597eebdd7cb37359fa6","null","","null","","","","","main_T1_ITI","","","","",""
"","","","","","visual-search-circle","111","673358","0.0-14.0-0.0-1.48","5ef4af3235893307228fc968","619531dcf66c91622fa1b861","61959597eebdd7cb37359fa6","1806","","s","true","[[367,7],[80,95],[13,387],[232,592],[519,504],[586,212]]","false","6","main_T2_Trial","s","img/Fire_Down_Target.gif","[""img/Fire_Up_Distractor.gif"",""img/Fire_Up_Distractor.gif"",""img/Fire_Up_Distractor.gif"",""img/Fire_Up_Distractor.gif"",""img/Fire_Up_Distractor.gif"",""img/Fire_Up_Distractor.gif"",""img/Fire_Up_Distractor.gif"",""img/Fire_Up_Distractor.gif"",""img/Fire_Up_Distractor.gif"",""img/Fire_Up_Distractor.gif"",""img/Fire_Up_Distractor.gif"",""img/Fire_Up_Distractor.gif""]","6","targetDown_distractorsUp"
"","","","","","html-keyboard-response","112","673358","0.0-14.0-0.0-0.49","5ef4af3235893307228fc968","619531dcf66c91622fa1b861","61959597eebdd7cb37359fa6","null","","null","","","","","main_T1_ITI","","","","",""
"","","","","","visual-search-circle","113","676252","0.0-14.0-0.0-1.49","5ef4af3235893307228fc968","619531dcf66c91622fa1b861","61959597eebdd7cb37359fa6","1883","","s","true","[[407,19],[66,111],[48,463],[377,589],[599,315]]","false","5","main_T2_Trial","s","img/Fire_Up_Target.gif","[""img/Fire_Down_Distractor.gif"",""img/Fire_Down_Distractor.gif"",""img/Fire_Down_Distractor.gif"",""img/Fire_Down_Distractor.gif"",""img/Fire_Down_Distractor.gif"",""img/Fire_Down_Distractor.gif"",""img/Fire_Down_Distractor.gif"",""img/Fire_Down_Distractor.gif"",""img/Fire_Down_Distractor.gif"",""img/Fire_Down_Distractor.gif"",""img/Fire_Down_Distractor.gif"",""img/Fire_Down_Distractor.gif""]","5","targetUp_distractorsDown"
"","","","","","html-keyboard-response","114","676253","0.0-14.0-0.0-0.50","5ef4af3235893307228fc968","619531dcf66c91622fa1b861","61959597eebdd7cb37359fa6","null","","null","","","","","main_T1_ITI","","","","",""
"","","","","","visual-search-circle","115","678947","0.0-14.0-0.0-1.50","5ef4af3235893307228fc968","619531dcf66c91622fa1b861","61959597eebdd7cb37359fa6","1674","","d","true","[[599,279],[372,8],[45,141],[70,492],[412,578]]","true","5","main_T2_Trial","d","img/Fire_Up_Target.gif","[""img/Fire_Down_Distractor.gif"",""img/Fire_Down_Distractor.gif"",""img/Fire_Down_Distractor.gif"",""img/Fire_Down_Distractor.gif"",""img/Fire_Down_Distractor.gif"",""img/Fire_Down_Distractor.gif"",""img/Fire_Down_Distractor.gif"",""img/Fire_Down_Distractor.gif"",""img/Fire_Down_Distractor.gif"",""img/Fire_Down_Distractor.gif"",""img/Fire_Down_Distractor.gif"",""img/Fire_Down_Distractor.gif""]","5","targetUp_distractorsDown"
"","","","","","html-keyboard-response","116","678948","0.0-14.0-0.0-0.51","5ef4af3235893307228fc968","619531dcf66c91622fa1b861","61959597eebdd7cb37359fa6","null","","null","","","","","main_T1_ITI","","","","",""
"","","","","","visual-search-circle","117","682421","0.0-14.0-0.0-1.51","5ef4af3235893307228fc968","619531dcf66c91622fa1b861","61959597eebdd7cb37359fa6","2459","","d","true","[[0,320],[168,569],[467,548],[599,279],[431,30],[132,51]]","true","6","main_T2_Trial","d","img/Fire_Up_Target.gif","[""img/Fire_Down_Distractor.gif"",""img/Fire_Down_Distractor.gif"",""img/Fire_Down_Distractor.gif"",""img/Fire_Down_Distractor.gif"",""img/Fire_Down_Distractor.gif"",""img/Fire_Down_Distractor.gif"",""img/Fire_Down_Distractor.gif"",""img/Fire_Down_Distractor.gif"",""img/Fire_Down_Distractor.gif"",""img/Fire_Down_Distractor.gif"",""img/Fire_Down_Distractor.gif"",""img/Fire_Down_Distractor.gif""]","6","targetUp_distractorsDown"
"","","","","","html-keyboard-response","118","682421","0.0-14.0-0.0-0.52","5ef4af3235893307228fc968","619531dcf66c91622fa1b861","61959597eebdd7cb37359fa6","null","","null","","","","","main_T1_ITI","","","","",""
"","","","","","visual-search-circle","119","685573","0.0-14.0-0.0-1.52","5ef4af3235893307228fc968","619531dcf66c91622fa1b861","61959597eebdd7cb37359fa6","2136","","d","true","[[5,357],[357,594],[594,242],[242,5]]","true","4","main_T2_Trial","d","img/Fire_Down_Target.gif","[""img/Fire_Up_Distractor.gif"",""img/Fire_Up_Distractor.gif"",""img/Fire_Up_Distractor.gif"",""img/Fire_Up_Distractor.gif"",""img/Fire_Up_Distractor.gif"",""img/Fire_Up_Distractor.gif"",""img/Fire_Up_Distractor.gif"",""img/Fire_Up_Distractor.gif"",""img/Fire_Up_Distractor.gif"",""img/Fire_Up_Distractor.gif"",""img/Fire_Up_Distractor.gif"",""img/Fire_Up_Distractor.gif""]","4","targetDown_distractorsUp"
"","","","","","html-keyboard-response","120","685573","0.0-14.0-0.0-0.53","5ef4af3235893307228fc968","619531dcf66c91622fa1b861","61959597eebdd7cb37359fa6","null","","null","","","","","main_T1_ITI","","","","",""
"","","","","","visual-search-circle","121","688972","0.0-14.0-0.0-1.53","5ef4af3235893307228fc968","619531dcf66c91622fa1b861","61959597eebdd7cb37359fa6","2384","","d","true","[[331,1],[111,66],[1,268],[66,488],[268,598],[488,533],[598,331],[533,111]]","true","8","main_T2_Trial","d","img/Fire_Down_Target.gif","[""img/Fire_Up_Distractor.gif"",""img/Fire_Up_Distractor.gif"",""img/Fire_Up_Distractor.gif"",""img/Fire_Up_Distractor.gif"",""img/Fire_Up_Distractor.gif"",""img/Fire_Up_Distractor.gif"",""img/Fire_Up_Distractor.gif"",""img/Fire_Up_Distractor.gif"",""img/Fire_Up_Distractor.gif"",""img/Fire_Up_Distractor.gif"",""img/Fire_Up_Distractor.gif"",""img/Fire_Up_Distractor.gif""]","8","targetDown_distractorsUp"
"","","","","","html-keyboard-response","122","688973","0.0-14.0-0.0-0.54","5ef4af3235893307228fc968","619531dcf66c91622fa1b861","61959597eebdd7cb37359fa6","null","","null","","","","","main_T1_ITI","","","","",""
"","","","","","visual-search-circle","123","691468","0.0-14.0-0.0-1.54","5ef4af3235893307228fc968","619531dcf66c91622fa1b861","61959597eebdd7cb37359fa6","1489","","s","true","[[141,554],[554,458],[458,45],[45,141]]","false","4","main_T2_Trial","s","img/Fire_Down_Target.gif","[""img/Fire_Up_Distractor.gif"",""img/Fire_Up_Distractor.gif"",""img/Fire_Up_Distractor.gif"",""img/Fire_Up_Distractor.gif"",""img/Fire_Up_Distractor.gif"",""img/Fire_Up_Distractor.gif"",""img/Fire_Up_Distractor.gif"",""img/Fire_Up_Distractor.gif"",""img/Fire_Up_Distractor.gif"",""img/Fire_Up_Distractor.gif"",""img/Fire_Up_Distractor.gif"",""img/Fire_Up_Distractor.gif""]","4","targetDown_distractorsUp"
"","","","","","html-keyboard-response","124","691468","0.0-14.0-0.0-0.55","5ef4af3235893307228fc968","619531dcf66c91622fa1b861","61959597eebdd7cb37359fa6","null","","null","","","","","main_T1_ITI","","","","",""
"","","","","","visual-search-circle","125","695635","0.0-14.0-0.0-1.55","5ef4af3235893307228fc968","619531dcf66c91622fa1b861","61959597eebdd7cb37359fa6","3161","","s","true","[[136,48],[0,315],[163,567],[463,551],[599,284],[436,32]]","false","6","main_T2_Trial","s","img/Fire_Down_Target.gif","[""img/Fire_Up_Distractor.gif"",""img/Fire_Up_Distractor.gif"",""img/Fire_Up_Distractor.gif"",""img/Fire_Up_Distractor.gif"",""img/Fire_Up_Distractor.gif"",""img/Fire_Up_Distractor.gif"",""img/Fire_Up_Distractor.gif"",""img/Fire_Up_Distractor.gif"",""img/Fire_Up_Distractor.gif"",""img/Fire_Up_Distractor.gif"",""img/Fire_Up_Distractor.gif"",""img/Fire_Up_Distractor.gif""]","6","targetDown_distractorsUp"
"","","","","","html-keyboard-response","126","695636","0.0-14.0-0.0-0.56","5ef4af3235893307228fc968","619531dcf66c91622fa1b861","61959597eebdd7cb37359fa6","null","","null","","","","","main_T1_ITI","","","","",""
"","","","","","visual-search-circle","127","697511","0.0-14.0-0.0-1.56","5ef4af3235893307228fc968","619531dcf66c91622fa1b861","61959597eebdd7cb37359fa6","868","","d","true","[[30,431],[234,592],[488,533],[599,298],[485,64],[231,7],[29,171]]","true","7","main_T2_Trial","d","img/Fire_Down_Target.gif","[""img/Fire_Up_Distractor.gif"",""img/Fire_Up_Distractor.gif"",""img/Fire_Up_Distractor.gif"",""img/Fire_Up_Distractor.gif"",""img/Fire_Up_Distractor.gif"",""img/Fire_Up_Distractor.gif"",""img/Fire_Up_Distractor.gif"",""img/Fire_Up_Distractor.gif"",""img/Fire_Up_Distractor.gif"",""img/Fire_Up_Distractor.gif"",""img/Fire_Up_Distractor.gif"",""img/Fire_Up_Distractor.gif""]","7","targetDown_distractorsUp"
"","","","","","html-keyboard-response","128","697511","0.0-14.0-0.0-0.57","5ef4af3235893307228fc968","619531dcf66c91622fa1b861","61959597eebdd7cb37359fa6","null","","null","","","","","main_T1_ITI","","","","",""
"","","","","","visual-search-circle","129","700838","0.0-14.0-0.0-1.57","5ef4af3235893307228fc968","619531dcf66c91622fa1b861","61959597eebdd7cb37359fa6","2311","","d","true","[[426,571],[591,370],[536,115],[303,0],[67,110],[6,363],[166,568]]","true","7","main_T2_Trial","d","img/Fire_Down_Target.gif","[""img/Fire_Up_Distractor.gif"",""img/Fire_Up_Distractor.gif"",""img/Fire_Up_Distractor.gif"",""img/Fire_Up_Distractor.gif"",""img/Fire_Up_Distractor.gif"",""img/Fire_Up_Distractor.gif"",""img/Fire_Up_Distractor.gif"",""img/Fire_Up_Distractor.gif"",""img/Fire_Up_Distractor.gif"",""img/Fire_Up_Distractor.gif"",""img/Fire_Up_Distractor.gif"",""img/Fire_Up_Distractor.gif""]","7","targetDown_distractorsUp"
"","","","","","html-keyboard-response","130","700839","0.0-14.0-0.0-0.58","5ef4af3235893307228fc968","619531dcf66c91622fa1b861","61959597eebdd7cb37359fa6","null","","null","","","","","main_T1_ITI","","","","",""
"","","","","","visual-search-circle","131","708363","0.0-14.0-0.0-1.58","5ef4af3235893307228fc968","619531dcf66c91622fa1b861","61959597eebdd7cb37359fa6","6517","","d","true","[[519,95],[232,7],[13,212],[80,504],[367,592],[586,387]]","true","6","main_T2_Trial","d","img/Fire_Down_Target.gif","[""img/Fire_Up_Distractor.gif"",""img/Fire_Up_Distractor.gif"",""img/Fire_Up_Distractor.gif"",""img/Fire_Up_Distractor.gif"",""img/Fire_Up_Distractor.gif"",""img/Fire_Up_Distractor.gif"",""img/Fire_Up_Distractor.gif"",""img/Fire_Up_Distractor.gif"",""img/Fire_Up_Distractor.gif"",""img/Fire_Up_Distractor.gif"",""img/Fire_Up_Distractor.gif"",""img/Fire_Up_Distractor.gif""]","6","targetDown_distractorsUp"
"","","","","","html-keyboard-response","132","709875","0.0-14.0-0.0-0.59","5ef4af3235893307228fc968","619531dcf66c91622fa1b861","61959597eebdd7cb37359fa6","1512","Wow! You've completed 60 out of 160 trials! </p> <p>  </p><p> Take a quick break, then press any key when you're ready to continue.","d","","","","","main_T1_ITI","","","","",""
"","","","","","visual-search-circle","133","712779","0.0-14.0-0.0-1.59","5ef4af3235893307228fc968","619531dcf66c91622fa1b861","61959597eebdd7cb37359fa6","1899","","d","true","[[111,66],[19,407],[315,599],[589,377],[463,48]]","true","5","main_T2_Trial","d","img/Fire_Down_Target.gif","[""img/Fire_Up_Distractor.gif"",""img/Fire_Up_Distractor.gif"",""img/Fire_Up_Distractor.gif"",""img/Fire_Up_Distractor.gif"",""img/Fire_Up_Distractor.gif"",""img/Fire_Up_Distractor.gif"",""img/Fire_Up_Distractor.gif"",""img/Fire_Up_Distractor.gif"",""img/Fire_Up_Distractor.gif"",""img/Fire_Up_Distractor.gif"",""img/Fire_Up_Distractor.gif"",""img/Fire_Up_Distractor.gif""]","5","targetDown_distractorsUp"
"","","","","","html-keyboard-response","134","712780","0.0-14.0-0.0-0.60","5ef4af3235893307228fc968","619531dcf66c91622fa1b861","61959597eebdd7cb37359fa6","null","","null","","","","","main_T1_ITI","","","","",""
"","","","","","visual-search-circle","135","715413","0.0-14.0-0.0-1.60","5ef4af3235893307228fc968","619531dcf66c91622fa1b861","61959597eebdd7cb37359fa6","1617","","s","true","[[484,536],[599,302],[489,67],[236,6],[31,167],[28,427],[230,591]]","false","7","main_T2_Trial","s","img/Fire_Down_Target.gif","[""img/Fire_Up_Distractor.gif"",""img/Fire_Up_Distractor.gif"",""img/Fire_Up_Distractor.gif"",""img/Fire_Up_Distractor.gif"",""img/Fire_Up_Distractor.gif"",""img/Fire_Up_Distractor.gif"",""img/Fire_Up_Distractor.gif"",""img/Fire_Up_Distractor.gif"",""img/Fire_Up_Distractor.gif"",""img/Fire_Up_Distractor.gif"",""img/Fire_Up_Distractor.gif"",""img/Fire_Up_Distractor.gif""]","7","targetDown_distractorsUp"
"","","","","","html-keyboard-response","136","715416","0.0-14.0-0.0-0.61","5ef4af3235893307228fc968","619531dcf66c91622fa1b861","61959597eebdd7cb37359fa6","null","","null","","","","","main_T1_ITI","","","","",""
"","","","","","visual-search-circle","137","717730","0.0-14.0-0.0-1.61","5ef4af3235893307228fc968","619531dcf66c91622fa1b861","61959597eebdd7cb37359fa6","1305","","s","true","[[341,597],[539,480],[597,258],[480,60],[258,2],[60,119],[2,341],[119,539]]","false","8","main_T2_Trial","s","img/Fire_Up_Target.gif","[""img/Fire_Down_Distractor.gif"",""img/Fire_Down_Distractor.gif"",""img/Fire_Down_Distractor.gif"",""img/Fire_Down_Distractor.gif"",""img/Fire_Down_Distractor.gif"",""img/Fire_Down_Distractor.gif"",""img/Fire_Down_Distractor.gif"",""img/Fire_Down_Distractor.gif"",""img/Fire_Down_Distractor.gif"",""img/Fire_Down_Distractor.gif"",""img/Fire_Down_Distractor.gif"",""img/Fire_Down_Distractor.gif""]","8","targetUp_distractorsDown"
"","","","","","html-keyboard-response","138","717731","0.0-14.0-0.0-0.62","5ef4af3235893307228fc968","619531dcf66c91622fa1b861","61959597eebdd7cb37359fa6","null","","null","","","","","main_T1_ITI","","","","",""
"","","","","","visual-search-circle","139","720247","0.0-14.0-0.0-1.62","5ef4af3235893307228fc968","619531dcf66c91622fa1b861","61959597eebdd7cb37359fa6","1500","","d","true","[[592,367],[554,141],[367,7],[141,45],[7,232],[45,458],[232,592],[458,554]]","true","8","main_T2_Trial","d","img/Fire_Up_Target.gif","[""img/Fire_Down_Distractor.gif"",""img/Fire_Down_Distractor.gif"",""img/Fire_Down_Distractor.gif"",""img/Fire_Down_Distractor.gif"",""img/Fire_Down_Distractor.gif"",""img/Fire_Down_Distractor.gif"",""img/Fire_Down_Distractor.gif"",""img/Fire_Down_Distractor.gif"",""img/Fire_Down_Distractor.gif"",""img/Fire_Down_Distractor.gif"",""img/Fire_Down_Distractor.gif"",""img/Fire_Down_Distractor.gif""]","8","targetUp_distractorsDown"
"","","","","","html-keyboard-response","140","720248","0.0-14.0-0.0-0.63","5ef4af3235893307228fc968","619531dcf66c91622fa1b861","61959597eebdd7cb37359fa6","null","","null","","","","","main_T1_ITI","","","","",""
"","","","","","visual-search-circle","141","728366","0.0-14.0-0.0-1.63","5ef4af3235893307228fc968","619531dcf66c91622fa1b861","61959597eebdd7cb37359fa6","7110","","d","true","[[2,341],[247,595],[564,440],[515,91],[168,30]]","true","5","main_T2_Trial","d","img/Fire_Up_Target.gif","[""img/Fire_Down_Distractor.gif"",""img/Fire_Down_Distractor.gif"",""img/Fire_Down_Distractor.gif"",""img/Fire_Down_Distractor.gif"",""img/Fire_Down_Distractor.gif"",""img/Fire_Down_Distractor.gif"",""img/Fire_Down_Distractor.gif"",""img/Fire_Down_Distractor.gif"",""img/Fire_Down_Distractor.gif"",""img/Fire_Down_Distractor.gif"",""img/Fire_Down_Distractor.gif"",""img/Fire_Down_Distractor.gif""]","5","targetUp_distractorsDown"
"","","","","","html-keyboard-response","142","728366","0.0-14.0-0.0-0.64","5ef4af3235893307228fc968","619531dcf66c91622fa1b861","61959597eebdd7cb37359fa6","null","","null","","","","","main_T1_ITI","","","","",""
"","","","","","visual-search-circle","143","731054","0.0-14.0-0.0-1.64","5ef4af3235893307228fc968","619531dcf66c91622fa1b861","61959597eebdd7cb37359fa6","1681","","d","true","[[32,436],[239,593],[492,530],[599,293],[481,61],[226,9],[26,175]]","true","7","main_T2_Trial","d","img/Fire_Up_Target.gif","[""img/Fire_Down_Distractor.gif"",""img/Fire_Down_Distractor.gif"",""img/Fire_Down_Distractor.gif"",""img/Fire_Down_Distractor.gif"",""img/Fire_Down_Distractor.gif"",""img/Fire_Down_Distractor.gif"",""img/Fire_Down_Distractor.gif"",""img/Fire_Down_Distractor.gif"",""img/Fire_Down_Distractor.gif"",""img/Fire_Down_Distractor.gif"",""img/Fire_Down_Distractor.gif"",""img/Fire_Down_Distractor.gif""]","7","targetUp_distractorsDown"
"","","","","","html-keyboard-response","144","731056","0.0-14.0-0.0-0.65","5ef4af3235893307228fc968","619531dcf66c91622fa1b861","61959597eebdd7cb37359fa6","null","","null","","","","","main_T1_ITI","","","","",""
"","","","","","visual-search-circle","145","734254","0.0-14.0-0.0-1.65","5ef4af3235893307228fc968","619531dcf66c91622fa1b861","61959597eebdd7cb37359fa6","2192","","d","true","[[123,542],[476,542],[585,207],[300,0],[14,207]]","true","5","main_T2_Trial","d","img/Fire_Down_Target.gif","[""img/Fire_Up_Distractor.gif"",""img/Fire_Up_Distractor.gif"",""img/Fire_Up_Distractor.gif"",""img/Fire_Up_Distractor.gif"",""img/Fire_Up_Distractor.gif"",""img/Fire_Up_Distractor.gif"",""img/Fire_Up_Distractor.gif"",""img/Fire_Up_Distractor.gif"",""img/Fire_Up_Distractor.gif"",""img/Fire_Up_Distractor.gif"",""img/Fire_Up_Distractor.gif"",""img/Fire_Up_Distractor.gif""]","5","targetDown_distractorsUp"
"","","","","","html-keyboard-response","146","734256","0.0-14.0-0.0-0.66","5ef4af3235893307228fc968","619531dcf66c91622fa1b861","61959597eebdd7cb37359fa6","null","","null","","","","","main_T1_ITI","","","","",""
"","","","","","visual-search-circle","147","736978","0.0-14.0-0.0-1.66","5ef4af3235893307228fc968","619531dcf66c91622fa1b861","61959597eebdd7cb37359fa6","1714","","s","true","[[63,484],[263,597],[484,536],[597,336],[536,115],[336,2],[115,63],[2,263]]","false","8","main_T2_Trial","s","img/Fire_Up_Target.gif","[""img/Fire_Down_Distractor.gif"",""img/Fire_Down_Distractor.gif"",""img/Fire_Down_Distractor.gif"",""img/Fire_Down_Distractor.gif"",""img/Fire_Down_Distractor.gif"",""img/Fire_Down_Distractor.gif"",""img/Fire_Down_Distractor.gif"",""img/Fire_Down_Distractor.gif"",""img/Fire_Down_Distractor.gif"",""img/Fire_Down_Distractor.gif"",""img/Fire_Down_Distractor.gif"",""img/Fire_Down_Distractor.gif""]","8","targetUp_distractorsDown"
"","","","","","html-keyboard-response","148","736979","0.0-14.0-0.0-0.67","5ef4af3235893307228fc968","619531dcf66c91622fa1b861","61959597eebdd7cb37359fa6","null","","null","","","","","main_T1_ITI","","","","",""
"","","","","","visual-search-circle","149","739555","0.0-14.0-0.0-1.67","5ef4af3235893307228fc968","619531dcf66c91622fa1b861","61959597eebdd7cb37359fa6","1556","","s","true","[[581,197],[426,28],[197,18],[28,173],[18,402],[173,571],[402,581],[571,426]]","false","8","main_T2_Trial","s","img/Fire_Down_Target.gif","[""img/Fire_Up_Distractor.gif"",""img/Fire_Up_Distractor.gif"",""img/Fire_Up_Distractor.gif"",""img/Fire_Up_Distractor.gif"",""img/Fire_Up_Distractor.gif"",""img/Fire_Up_Distractor.gif"",""img/Fire_Up_Distractor.gif"",""img/Fire_Up_Distractor.gif"",""img/Fire_Up_Distractor.gif"",""img/Fire_Up_Distractor.gif"",""img/Fire_Up_Distractor.gif"",""img/Fire_Up_Distractor.gif""]","8","targetDown_distractorsUp"
"","","","","","html-keyboard-response","150","739557","0.0-14.0-0.0-0.68","5ef4af3235893307228fc968","619531dcf66c91622fa1b861","61959597eebdd7cb37359fa6","null","","null","","","","","main_T1_ITI","","","","",""
"","","","","","visual-search-circle","151","742253","0.0-14.0-0.0-1.68","5ef4af3235893307228fc968","619531dcf66c91622fa1b861","61959597eebdd7cb37359fa6","1687","","s","true","[[467,51],[168,30],[0,279],[132,548],[431,569],[599,320]]","false","6","main_T2_Trial","s","img/Fire_Up_Target.gif","[""img/Fire_Down_Distractor.gif"",""img/Fire_Down_Distractor.gif"",""img/Fire_Down_Distractor.gif"",""img/Fire_Down_Distractor.gif"",""img/Fire_Down_Distractor.gif"",""img/Fire_Down_Distractor.gif"",""img/Fire_Down_Distractor.gif"",""img/Fire_Down_Distractor.gif"",""img/Fire_Down_Distractor.gif"",""img/Fire_Down_Distractor.gif"",""img/Fire_Down_Distractor.gif"",""img/Fire_Down_Distractor.gif""]","6","targetUp_distractorsDown"
"","","","","","html-keyboard-response","152","742254","0.0-14.0-0.0-0.69","5ef4af3235893307228fc968","619531dcf66c91622fa1b861","61959597eebdd7cb37359fa6","null","","null","","","","","main_T1_ITI","","","","",""
"","","","","","visual-search-circle","153","744552","0.0-14.0-0.0-1.69","5ef4af3235893307228fc968","619531dcf66c91622fa1b861","61959597eebdd7cb37359fa6","1293","","d","true","[[23,182],[103,526],[454,557],[592,232],[326,1]]","true","5","main_T2_Trial","d","img/Fire_Down_Target.gif","[""img/Fire_Up_Distractor.gif"",""img/Fire_Up_Distractor.gif"",""img/Fire_Up_Distractor.gif"",""img/Fire_Up_Distractor.gif"",""img/Fire_Up_Distractor.gif"",""img/Fire_Up_Distractor.gif"",""img/Fire_Up_Distractor.gif"",""img/Fire_Up_Distractor.gif"",""img/Fire_Up_Distractor.gif"",""img/Fire_Up_Distractor.gif"",""img/Fire_Up_Distractor.gif"",""img/Fire_Up_Distractor.gif""]","5","targetDown_distractorsUp"
"","","","","","html-keyboard-response","154","744553","0.0-14.0-0.0-0.70","5ef4af3235893307228fc968","619531dcf66c91622fa1b861","61959597eebdd7cb37359fa6","null","","null","","","","","main_T1_ITI","","","","",""
"","","","","","visual-search-circle","155","746830","0.0-14.0-0.0-1.70","5ef4af3235893307228fc968","619531dcf66c91622fa1b861","61959597eebdd7cb37359fa6","1258","","s","true","[[182,23],[21,187],[23,417],[187,578],[417,576],[578,412],[576,182],[412,21]]","false","8","main_T2_Trial","s","img/Fire_Down_Target.gif","[""img/Fire_Up_Distractor.gif"",""img/Fire_Up_Distractor.gif"",""img/Fire_Up_Distractor.gif"",""img/Fire_Up_Distractor.gif"",""img/Fire_Up_Distractor.gif"",""img/Fire_Up_Distractor.gif"",""img/Fire_Up_Distractor.gif"",""img/Fire_Up_Distractor.gif"",""img/Fire_Up_Distractor.gif"",""img/Fire_Up_Distractor.gif"",""img/Fire_Up_Distractor.gif"",""img/Fire_Up_Distractor.gif""]","8","targetDown_distractorsUp"
"","","","","","html-keyboard-response","156","746831","0.0-14.0-0.0-0.71","5ef4af3235893307228fc968","619531dcf66c91622fa1b861","61959597eebdd7cb37359fa6","null","","null","","","","","main_T1_ITI","","","","",""
"","","","","","visual-search-circle","157","749442","0.0-14.0-0.0-1.71","5ef4af3235893307228fc968","619531dcf66c91622fa1b861","61959597eebdd7cb37359fa6","1591","","s","true","[[382,11],[51,132],[63,484],[402,581],[599,289]]","false","5","main_T2_Trial","s","img/Fire_Up_Target.gif","[""img/Fire_Down_Distractor.gif"",""img/Fire_Down_Distractor.gif"",""img/Fire_Down_Distractor.gif"",""img/Fire_Down_Distractor.gif"",""img/Fire_Down_Distractor.gif"",""img/Fire_Down_Distractor.gif"",""img/Fire_Down_Distractor.gif"",""img/Fire_Down_Distractor.gif"",""img/Fire_Down_Distractor.gif"",""img/Fire_Down_Distractor.gif"",""img/Fire_Down_Distractor.gif"",""img/Fire_Down_Distractor.gif""]","5","targetUp_distractorsDown"
"","","","","","html-keyboard-response","158","749442","0.0-14.0-0.0-0.72","5ef4af3235893307228fc968","619531dcf66c91622fa1b861","61959597eebdd7cb37359fa6","null","","null","","","","","main_T1_ITI","","","","",""
"","","","","","visual-search-circle","159","752911","0.0-14.0-0.0-1.72","5ef4af3235893307228fc968","619531dcf66c91622fa1b861","61959597eebdd7cb37359fa6","2458","","d","true","[[4,247],[159,564],[508,515],[569,168],[258,2]]","true","5","main_T2_Trial","d","img/Fire_Up_Target.gif","[""img/Fire_Down_Distractor.gif"",""img/Fire_Down_Distractor.gif"",""img/Fire_Down_Distractor.gif"",""img/Fire_Down_Distractor.gif"",""img/Fire_Down_Distractor.gif"",""img/Fire_Down_Distractor.gif"",""img/Fire_Down_Distractor.gif"",""img/Fire_Down_Distractor.gif"",""img/Fire_Down_Distractor.gif"",""img/Fire_Down_Distractor.gif"",""img/Fire_Down_Distractor.gif"",""img/Fire_Down_Distractor.gif""]","5","targetUp_distractorsDown"
"","","","","","html-keyboard-response","160","752912","0.0-14.0-0.0-0.73","5ef4af3235893307228fc968","619531dcf66c91622fa1b861","61959597eebdd7cb37359fa6","null","","null","","","","","main_T1_ITI","","","","",""
"","","","","","visual-search-circle","161","758036","0.0-14.0-0.0-1.73","5ef4af3235893307228fc968","619531dcf66c91622fa1b861","61959597eebdd7cb37359fa6","4118","","s","false","[[578,187],[279,0],[8,227],[141,554],[492,529]]","true","5","main_T2_Trial","d","img/Fire_Up_Target.gif","[""img/Fire_Down_Distractor.gif"",""img/Fire_Down_Distractor.gif"",""img/Fire_Down_Distractor.gif"",""img/Fire_Down_Distractor.gif"",""img/Fire_Down_Distractor.gif"",""img/Fire_Down_Distractor.gif"",""img/Fire_Down_Distractor.gif"",""img/Fire_Down_Distractor.gif"",""img/Fire_Down_Distractor.gif"",""img/Fire_Down_Distractor.gif"",""img/Fire_Down_Distractor.gif"",""img/Fire_Down_Distractor.gif""]","5","targetUp_distractorsDown"
"","","","","","html-keyboard-response","162","758037","0.0-14.0-0.0-0.74","5ef4af3235893307228fc968","619531dcf66c91622fa1b861","61959597eebdd7cb37359fa6","null","","null","","","","","main_T1_ITI","","","","",""
"","","","","","visual-search-circle","163","760586","0.0-14.0-0.0-1.74","5ef4af3235893307228fc968","619531dcf66c91622fa1b861","61959597eebdd7cb37359fa6","1534","","s","true","[[4,352],[197,581],[492,529],[595,247],[402,18],[107,70]]","false","6","main_T2_Trial","s","img/Fire_Down_Target.gif","[""img/Fire_Up_Distractor.gif"",""img/Fire_Up_Distractor.gif"",""img/Fire_Up_Distractor.gif"",""img/Fire_Up_Distractor.gif"",""img/Fire_Up_Distractor.gif"",""img/Fire_Up_Distractor.gif"",""img/Fire_Up_Distractor.gif"",""img/Fire_Up_Distractor.gif"",""img/Fire_Up_Distractor.gif"",""img/Fire_Up_Distractor.gif"",""img/Fire_Up_Distractor.gif"",""img/Fire_Up_Distractor.gif""]","6","targetDown_distractorsUp"
"","","","","","html-keyboard-response","164","760586","0.0-14.0-0.0-0.75","5ef4af3235893307228fc968","619531dcf66c91622fa1b861","61959597eebdd7cb37359fa6","null","","null","","","","","main_T1_ITI","","","","",""
"","","","","","visual-search-circle","165","764036","0.0-14.0-0.0-1.75","5ef4af3235893307228fc968","619531dcf66c91622fa1b861","61959597eebdd7cb37359fa6","2433","","d","true","[[526,496],[599,279],[496,73],[279,0],[73,103],[0,320],[103,526],[320,599]]","true","8","main_T2_Trial","d","img/Fire_Up_Target.gif","[""img/Fire_Down_Distractor.gif"",""img/Fire_Down_Distractor.gif"",""img/Fire_Down_Distractor.gif"",""img/Fire_Down_Distractor.gif"",""img/Fire_Down_Distractor.gif"",""img/Fire_Down_Distractor.gif"",""img/Fire_Down_Distractor.gif"",""img/Fire_Down_Distractor.gif"",""img/Fire_Down_Distractor.gif"",""img/Fire_Down_Distractor.gif"",""img/Fire_Down_Distractor.gif"",""img/Fire_Down_Distractor.gif""]","8","targetUp_distractorsDown"
"","","","","","html-keyboard-response","166","764037","0.0-14.0-0.0-0.76","5ef4af3235893307228fc968","619531dcf66c91622fa1b861","61959597eebdd7cb37359fa6","null","","null","","","","","main_T1_ITI","","","","",""
"","","","","","visual-search-circle","167","767176","0.0-14.0-0.0-1.76","5ef4af3235893307228fc968","619531dcf66c91622fa1b861","61959597eebdd7cb37359fa6","2130","","s","true","[[232,592],[592,367],[367,7],[7,232]]","false","4","main_T2_Trial","s","img/Fire_Up_Target.gif","[""img/Fire_Down_Distractor.gif"",""img/Fire_Down_Distractor.gif"",""img/Fire_Down_Distractor.gif"",""img/Fire_Down_Distractor.gif"",""img/Fire_Down_Distractor.gif"",""img/Fire_Down_Distractor.gif"",""img/Fire_Down_Distractor.gif"",""img/Fire_Down_Distractor.gif"",""img/Fire_Down_Distractor.gif"",""img/Fire_Down_Distractor.gif"",""img/Fire_Down_Distractor.gif"",""img/Fire_Down_Distractor.gif""]","4","targetUp_distractorsDown"
"","","","","","html-keyboard-response","168","767181","0.0-14.0-0.0-0.77","5ef4af3235893307228fc968","619531dcf66c91622fa1b861","61959597eebdd7cb37359fa6","null","","null","","","","","main_T1_ITI","","","","",""
"","","","","","visual-search-circle","169","769666","0.0-14.0-0.0-1.77","5ef4af3235893307228fc968","619531dcf66c91622fa1b861","61959597eebdd7cb37359fa6","1471","","s","true","[[159,35],[35,440],[440,564],[564,159]]","false","4","main_T2_Trial","s","img/Fire_Down_Target.gif","[""img/Fire_Up_Distractor.gif"",""img/Fire_Up_Distractor.gif"",""img/Fire_Up_Distractor.gif"",""img/Fire_Up_Distractor.gif"",""img/Fire_Up_Distractor.gif"",""img/Fire_Up_Distractor.gif"",""img/Fire_Up_Distractor.gif"",""img/Fire_Up_Distractor.gif"",""img/Fire_Up_Distractor.gif"",""img/Fire_Up_Distractor.gif"",""img/Fire_Up_Distractor.gif"",""img/Fire_Up_Distractor.gif""]","4","targetDown_distractorsUp"
"","","","","","html-keyboard-response","170","769667","0.0-14.0-0.0-0.78","5ef4af3235893307228fc968","619531dcf66c91622fa1b861","61959597eebdd7cb37359fa6","null","","null","","","","","main_T1_ITI","","","","",""
"","","","","","visual-search-circle","171","772931","0.0-14.0-0.0-1.78","5ef4af3235893307228fc968","619531dcf66c91622fa1b861","61959597eebdd7cb37359fa6","2247","","s","true","[[91,515],[440,564],[595,247],[341,2],[30,168]]","false","5","main_T2_Trial","s","img/Fire_Up_Target.gif","[""img/Fire_Down_Distractor.gif"",""img/Fire_Down_Distractor.gif"",""img/Fire_Down_Distractor.gif"",""img/Fire_Down_Distractor.gif"",""img/Fire_Down_Distractor.gif"",""img/Fire_Down_Distractor.gif"",""img/Fire_Down_Distractor.gif"",""img/Fire_Down_Distractor.gif"",""img/Fire_Down_Distractor.gif"",""img/Fire_Down_Distractor.gif"",""img/Fire_Down_Distractor.gif"",""img/Fire_Down_Distractor.gif""]","5","targetUp_distractorsDown"
"","","","","","html-keyboard-response","172","774130","0.0-14.0-0.0-0.79","5ef4af3235893307228fc968","619531dcf66c91622fa1b861","61959597eebdd7cb37359fa6","1197","Wow! You've completed 80 out of 160 trials! </p> <p>  </p><p> Take a quick break, then press any key when you're ready to continue.","s","","","","","main_T1_ITI","","","","",""
"","","","","","visual-search-circle","173","776549","0.0-14.0-0.0-1.79","5ef4af3235893307228fc968","619531dcf66c91622fa1b861","61959597eebdd7cb37359fa6","1412","","s","true","[[336,597],[555,457],[582,198],[396,15],[137,47],[1,269],[89,514]]","false","7","main_T2_Trial","s","img/Fire_Up_Target.gif","[""img/Fire_Down_Distractor.gif"",""img/Fire_Down_Distractor.gif"",""img/Fire_Down_Distractor.gif"",""img/Fire_Down_Distractor.gif"",""img/Fire_Down_Distractor.gif"",""img/Fire_Down_Distractor.gif"",""img/Fire_Down_Distractor.gif"",""img/Fire_Down_Distractor.gif"",""img/Fire_Down_Distractor.gif"",""img/Fire_Down_Distractor.gif"",""img/Fire_Down_Distractor.gif"",""img/Fire_Down_Distractor.gif""]","7","targetUp_distractorsDown"
"","","","","","html-keyboard-response","174","776550","0.0-14.0-0.0-0.80","5ef4af3235893307228fc968","619531dcf66c91622fa1b861","61959597eebdd7cb37359fa6","null","","null","","","","","main_T1_ITI","","","","",""
"","","","","","visual-search-circle","175","778770","0.0-14.0-0.0-1.80","5ef4af3235893307228fc968","619531dcf66c91622fa1b861","61959597eebdd7cb37359fa6","1200","","s","true","[[512,87],[300,0],[87,87],[0,299],[87,512],[299,600],[512,512],[600,300]]","false","8","main_T2_Trial","s","img/Fire_Up_Target.gif","[""img/Fire_Down_Distractor.gif"",""img/Fire_Down_Distractor.gif"",""img/Fire_Down_Distractor.gif"",""img/Fire_Down_Distractor.gif"",""img/Fire_Down_Distractor.gif"",""img/Fire_Down_Distractor.gif"",""img/Fire_Down_Distractor.gif"",""img/Fire_Down_Distractor.gif"",""img/Fire_Down_Distractor.gif"",""img/Fire_Down_Distractor.gif"",""img/Fire_Down_Distractor.gif"",""img/Fire_Down_Distractor.gif""]","8","targetUp_distractorsDown"
"","","","","","html-keyboard-response","176","778770","0.0-14.0-0.0-0.81","5ef4af3235893307228fc968","619531dcf66c91622fa1b861","61959597eebdd7cb37359fa6","null","","null","","","","","main_T1_ITI","","","","",""
"","","","","","visual-search-circle","177","781000","0.0-14.0-0.0-1.81","5ef4af3235893307228fc968","619531dcf66c91622fa1b861","61959597eebdd7cb37359fa6","1215","","s","true","[[145,557],[404,581],[585,393],[550,135],[327,1],[83,92],[2,339]]","false","7","main_T2_Trial","s","img/Fire_Up_Target.gif","[""img/Fire_Down_Distractor.gif"",""img/Fire_Down_Distractor.gif"",""img/Fire_Down_Distractor.gif"",""img/Fire_Down_Distractor.gif"",""img/Fire_Down_Distractor.gif"",""img/Fire_Down_Distractor.gif"",""img/Fire_Down_Distractor.gif"",""img/Fire_Down_Distractor.gif"",""img/Fire_Down_Distractor.gif"",""img/Fire_Down_Distractor.gif"",""img/Fire_Down_Distractor.gif"",""img/Fire_Down_Distractor.gif""]","7","targetUp_distractorsDown"
"","","","","","html-keyboard-response","178","781000","0.0-14.0-0.0-0.82","5ef4af3235893307228fc968","619531dcf66c91622fa1b861","61959597eebdd7cb37359fa6","null","","null","","","","","main_T1_ITI","","","","",""
"","","","","","visual-search-circle","179","783554","0.0-14.0-0.0-1.82","5ef4af3235893307228fc968","619531dcf66c91622fa1b861","61959597eebdd7cb37359fa6","1539","","s","true","[[571,426],[426,28],[28,173],[173,571]]","false","4","main_T2_Trial","s","img/Fire_Up_Target.gif","[""img/Fire_Down_Distractor.gif"",""img/Fire_Down_Distractor.gif"",""img/Fire_Down_Distractor.gif"",""img/Fire_Down_Distractor.gif"",""img/Fire_Down_Distractor.gif"",""img/Fire_Down_Distractor.gif"",""img/Fire_Down_Distractor.gif"",""img/Fire_Down_Distractor.gif"",""img/Fire_Down_Distractor.gif"",""img/Fire_Down_Distractor.gif"",""img/Fire_Down_Distractor.gif"",""img/Fire_Down_Distractor.gif""]","4","targetUp_distractorsDown"
"","","","","","html-keyboard-response","180","783555","0.0-14.0-0.0-0.83","5ef4af3235893307228fc968","619531dcf66c91622fa1b861","61959597eebdd7cb37359fa6","null","","null","","","","","main_T1_ITI","","","","",""
"","","","","","visual-search-circle","181","786241","0.0-14.0-0.0-1.83","5ef4af3235893307228fc968","619531dcf66c91622fa1b861","61959597eebdd7cb37359fa6","1674","","s","true","[[542,476],[589,220],[417,24],[157,35],[4,246],[74,497],[313,599]]","false","7","main_T2_Trial","s","img/Fire_Up_Target.gif","[""img/Fire_Down_Distractor.gif"",""img/Fire_Down_Distractor.gif"",""img/Fire_Down_Distractor.gif"",""img/Fire_Down_Distractor.gif"",""img/Fire_Down_Distractor.gif"",""img/Fire_Down_Distractor.gif"",""img/Fire_Down_Distractor.gif"",""img/Fire_Down_Distractor.gif"",""img/Fire_Down_Distractor.gif"",""img/Fire_Down_Distractor.gif"",""img/Fire_Down_Distractor.gif"",""img/Fire_Down_Distractor.gif""]","7","targetUp_distractorsDown"
"","","","","","html-keyboard-response","182","786241","0.0-14.0-0.0-0.84","5ef4af3235893307228fc968","619531dcf66c91622fa1b861","61959597eebdd7cb37359fa6","null","","null","","","","","main_T1_ITI","","","","",""
"","","","","","visual-search-circle","183","788337","0.0-14.0-0.0-1.84","5ef4af3235893307228fc968","619531dcf66c91622fa1b861","61959597eebdd7cb37359fa6","1078","","d","true","[[519,504],[596,256],[450,40],[191,20],[13,210],[51,468],[276,599]]","true","7","main_T2_Trial","d","img/Fire_Up_Target.gif","[""img/Fire_Down_Distractor.gif"",""img/Fire_Down_Distractor.gif"",""img/Fire_Down_Distractor.gif"",""img/Fire_Down_Distractor.gif"",""img/Fire_Down_Distractor.gif"",""img/Fire_Down_Distractor.gif"",""img/Fire_Down_Distractor.gif"",""img/Fire_Down_Distractor.gif"",""img/Fire_Down_Distractor.gif"",""img/Fire_Down_Distractor.gif"",""img/Fire_Down_Distractor.gif"",""img/Fire_Down_Distractor.gif""]","7","targetUp_distractorsDown"
"","","","","","html-keyboard-response","184","788337","0.0-14.0-0.0-0.85","5ef4af3235893307228fc968","619531dcf66c91622fa1b861","61959597eebdd7cb37359fa6","null","","null","","","","","main_T1_ITI","","","","",""
"","","","","","visual-search-circle","185","791151","0.0-14.0-0.0-1.85","5ef4af3235893307228fc968","619531dcf66c91622fa1b861","61959597eebdd7cb37359fa6","1806","","d","true","[[73,103],[0,320],[103,526],[320,599],[526,496],[599,279],[496,73],[279,0]]","true","8","main_T2_Trial","d","img/Fire_Up_Target.gif","[""img/Fire_Down_Distractor.gif"",""img/Fire_Down_Distractor.gif"",""img/Fire_Down_Distractor.gif"",""img/Fire_Down_Distractor.gif"",""img/Fire_Down_Distractor.gif"",""img/Fire_Down_Distractor.gif"",""img/Fire_Down_Distractor.gif"",""img/Fire_Down_Distractor.gif"",""img/Fire_Down_Distractor.gif"",""img/Fire_Down_Distractor.gif"",""img/Fire_Down_Distractor.gif"",""img/Fire_Down_Distractor.gif""]","8","targetUp_distractorsDown"
"","","","","","html-keyboard-response","186","791151","0.0-14.0-0.0-0.86","5ef4af3235893307228fc968","619531dcf66c91622fa1b861","61959597eebdd7cb37359fa6","null","","null","","","","","main_T1_ITI","","","","",""
"","","","","","visual-search-circle","187","793813","0.0-14.0-0.0-1.86","5ef4af3235893307228fc968","619531dcf66c91622fa1b861","61959597eebdd7cb37359fa6","1651","","s","true","[[48,136],[32,436],[284,599],[551,463],[567,163],[315,0]]","false","6","main_T2_Trial","s","img/Fire_Up_Target.gif","[""img/Fire_Down_Distractor.gif"",""img/Fire_Down_Distractor.gif"",""img/Fire_Down_Distractor.gif"",""img/Fire_Down_Distractor.gif"",""img/Fire_Down_Distractor.gif"",""img/Fire_Down_Distractor.gif"",""img/Fire_Down_Distractor.gif"",""img/Fire_Down_Distractor.gif"",""img/Fire_Down_Distractor.gif"",""img/Fire_Down_Distractor.gif"",""img/Fire_Down_Distractor.gif"",""img/Fire_Down_Distractor.gif""]","6","targetUp_distractorsDown"
"","","","","","html-keyboard-response","188","793813","0.0-14.0-0.0-0.87","5ef4af3235893307228fc968","619531dcf66c91622fa1b861","61959597eebdd7cb37359fa6","null","","null","","","","","main_T1_ITI","","","","",""
"","","","","","visual-search-circle","189","796406","0.0-14.0-0.0-1.87","5ef4af3235893307228fc968","619531dcf66c91622fa1b861","61959597eebdd7cb37359fa6","1574","","d","true","[[0,305],[91,515],[305,599],[515,508],[599,294],[508,84],[294,0],[84,91]]","true","8","main_T2_Trial","d","img/Fire_Down_Target.gif","[""img/Fire_Up_Distractor.gif"",""img/Fire_Up_Distractor.gif"",""img/Fire_Up_Distractor.gif"",""img/Fire_Up_Distractor.gif"",""img/Fire_Up_Distractor.gif"",""img/Fire_Up_Distractor.gif"",""img/Fire_Up_Distractor.gif"",""img/Fire_Up_Distractor.gif"",""img/Fire_Up_Distractor.gif"",""img/Fire_Up_Distractor.gif"",""img/Fire_Up_Distractor.gif"",""img/Fire_Up_Distractor.gif""]","8","targetDown_distractorsUp"
"","","","","","html-keyboard-response","190","796406","0.0-14.0-0.0-0.88","5ef4af3235893307228fc968","619531dcf66c91622fa1b861","61959597eebdd7cb37359fa6","null","","null","","","","","main_T1_ITI","","","","",""
"","","","","","visual-search-circle","191","800139","0.0-14.0-0.0-1.88","5ef4af3235893307228fc968","619531dcf66c91622fa1b861","61959597eebdd7cb37359fa6","2718","","d","true","[[392,585],[593,362],[500,77],[207,14],[6,237],[99,522]]","true","6","main_T2_Trial","d","img/Fire_Down_Target.gif","[""img/Fire_Up_Distractor.gif"",""img/Fire_Up_Distractor.gif"",""img/Fire_Up_Distractor.gif"",""img/Fire_Up_Distractor.gif"",""img/Fire_Up_Distractor.gif"",""img/Fire_Up_Distractor.gif"",""img/Fire_Up_Distractor.gif"",""img/Fire_Up_Distractor.gif"",""img/Fire_Up_Distractor.gif"",""img/Fire_Up_Distractor.gif"",""img/Fire_Up_Distractor.gif"",""img/Fire_Up_Distractor.gif""]","6","targetDown_distractorsUp"
"","","","","","html-keyboard-response","192","800139","0.0-14.0-0.0-0.89","5ef4af3235893307228fc968","619531dcf66c91622fa1b861","61959597eebdd7cb37359fa6","null","","null","","","","","main_T1_ITI","","","","",""
"","","","","","visual-search-circle","193","802298","0.0-14.0-0.0-1.89","5ef4af3235893307228fc968","619531dcf66c91622fa1b861","61959597eebdd7cb37359fa6","1150","","d","true","[[40,450],[362,593],[598,331],[422,25],[77,99]]","true","5","main_T2_Trial","d","img/Fire_Down_Target.gif","[""img/Fire_Up_Distractor.gif"",""img/Fire_Up_Distractor.gif"",""img/Fire_Up_Distractor.gif"",""img/Fire_Up_Distractor.gif"",""img/Fire_Up_Distractor.gif"",""img/Fire_Up_Distractor.gif"",""img/Fire_Up_Distractor.gif"",""img/Fire_Up_Distractor.gif"",""img/Fire_Up_Distractor.gif"",""img/Fire_Up_Distractor.gif"",""img/Fire_Up_Distractor.gif"",""img/Fire_Up_Distractor.gif""]","5","targetDown_distractorsUp"
"","","","","","html-keyboard-response","194","802299","0.0-14.0-0.0-0.90","5ef4af3235893307228fc968","619531dcf66c91622fa1b861","61959597eebdd7cb37359fa6","null","","null","","","","","main_T1_ITI","","","","",""
"","","","","","visual-search-circle","195","806990","0.0-14.0-0.0-1.90","5ef4af3235893307228fc968","619531dcf66c91622fa1b861","61959597eebdd7cb37359fa6","3670","","d","true","[[273,598],[492,529],[598,326],[529,107],[326,1],[107,70],[1,273],[70,492]]","true","8","main_T2_Trial","d","img/Fire_Up_Target.gif","[""img/Fire_Down_Distractor.gif"",""img/Fire_Down_Distractor.gif"",""img/Fire_Down_Distractor.gif"",""img/Fire_Down_Distractor.gif"",""img/Fire_Down_Distractor.gif"",""img/Fire_Down_Distractor.gif"",""img/Fire_Down_Distractor.gif"",""img/Fire_Down_Distractor.gif"",""img/Fire_Down_Distractor.gif"",""img/Fire_Down_Distractor.gif"",""img/Fire_Down_Distractor.gif"",""img/Fire_Down_Distractor.gif""]","8","targetUp_distractorsDown"
"","","","","","html-keyboard-response","196","806990","0.0-14.0-0.0-0.91","5ef4af3235893307228fc968","619531dcf66c91622fa1b861","61959597eebdd7cb37359fa6","null","","null","","","","","main_T1_ITI","","","","",""
"","","","","","visual-search-circle","197","809377","0.0-14.0-0.0-1.91","5ef4af3235893307228fc968","619531dcf66c91622fa1b861","61959597eebdd7cb37359fa6","1372","","d","true","[[6,362],[165,568],[426,572],[591,371],[537,116],[304,0],[68,109]]","true","7","main_T2_Trial","d","img/Fire_Up_Target.gif","[""img/Fire_Down_Distractor.gif"",""img/Fire_Down_Distractor.gif"",""img/Fire_Down_Distractor.gif"",""img/Fire_Down_Distractor.gif"",""img/Fire_Down_Distractor.gif"",""img/Fire_Down_Distractor.gif"",""img/Fire_Down_Distractor.gif"",""img/Fire_Down_Distractor.gif"",""img/Fire_Down_Distractor.gif"",""img/Fire_Down_Distractor.gif"",""img/Fire_Down_Distractor.gif"",""img/Fire_Down_Distractor.gif""]","7","targetUp_distractorsDown"
"","","","","","html-keyboard-response","198","809377","0.0-14.0-0.0-0.92","5ef4af3235893307228fc968","619531dcf66c91622fa1b861","61959597eebdd7cb37359fa6","null","","null","","","","","main_T1_ITI","","","","",""
"","","","","","visual-search-circle","199","812178","0.0-14.0-0.0-1.92","5ef4af3235893307228fc968","619531dcf66c91622fa1b861","61959597eebdd7cb37359fa6","1788","","d","true","[[289,0],[35,159],[45,458],[310,599],[564,440],[554,141]]","true","6","main_T2_Trial","d","img/Fire_Down_Target.gif","[""img/Fire_Up_Distractor.gif"",""img/Fire_Up_Distractor.gif"",""img/Fire_Up_Distractor.gif"",""img/Fire_Up_Distractor.gif"",""img/Fire_Up_Distractor.gif"",""img/Fire_Up_Distractor.gif"",""img/Fire_Up_Distractor.gif"",""img/Fire_Up_Distractor.gif"",""img/Fire_Up_Distractor.gif"",""img/Fire_Up_Distractor.gif"",""img/Fire_Up_Distractor.gif"",""img/Fire_Up_Distractor.gif""]","6","targetDown_distractorsUp"
"","","","","","html-keyboard-response","200","812178","0.0-14.0-0.0-0.93","5ef4af3235893307228fc968","619531dcf66c91622fa1b861","61959597eebdd7cb37359fa6","null","","null","","","","","main_T1_ITI","","","","",""
"","","","","","visual-search-circle","201","815298","0.0-14.0-0.0-1.93","5ef4af3235893307228fc968","619531dcf66c91622fa1b861","61959597eebdd7cb37359fa6","2114","","d","true","[[54,127],[12,384],[186,577],[446,561],[596,348],[522,98],[281,0]]","true","7","main_T2_Trial","d","img/Fire_Down_Target.gif","[""img/Fire_Up_Distractor.gif"",""img/Fire_Up_Distractor.gif"",""img/Fire_Up_Distractor.gif"",""img/Fire_Up_Distractor.gif"",""img/Fire_Up_Distractor.gif"",""img/Fire_Up_Distractor.gif"",""img/Fire_Up_Distractor.gif"",""img/Fire_Up_Distractor.gif"",""img/Fire_Up_Distractor.gif"",""img/Fire_Up_Distractor.gif"",""img/Fire_Up_Distractor.gif"",""img/Fire_Up_Distractor.gif""]","7","targetDown_distractorsUp"
"","","","","","html-keyboard-response","202","815298","0.0-14.0-0.0-0.94","5ef4af3235893307228fc968","619531dcf66c91622fa1b861","61959597eebdd7cb37359fa6","null","","null","","","","","main_T1_ITI","","","","",""
"","","","","","visual-search-circle","203","818420","0.0-14.0-0.0-1.94","5ef4af3235893307228fc968","619531dcf66c91622fa1b861","61959597eebdd7cb37359fa6","2106","","d","true","[[412,21],[21,187],[187,578],[578,412]]","true","4","main_T2_Trial","d","img/Fire_Down_Target.gif","[""img/Fire_Up_Distractor.gif"",""img/Fire_Up_Distractor.gif"",""img/Fire_Up_Distractor.gif"",""img/Fire_Up_Distractor.gif"",""img/Fire_Up_Distractor.gif"",""img/Fire_Up_Distractor.gif"",""img/Fire_Up_Distractor.gif"",""img/Fire_Up_Distractor.gif"",""img/Fire_Up_Distractor.gif"",""img/Fire_Up_Distractor.gif"",""img/Fire_Up_Distractor.gif"",""img/Fire_Up_Distractor.gif""]","4","targetDown_distractorsUp"
"","","","","","html-keyboard-response","204","818424","0.0-14.0-0.0-0.95","5ef4af3235893307228fc968","619531dcf66c91622fa1b861","61959597eebdd7cb37359fa6","null","","null","","","","","main_T1_ITI","","","","",""
"","","","","","visual-search-circle","205","821636","0.0-14.0-0.0-1.95","5ef4af3235893307228fc968","619531dcf66c91622fa1b861","61959597eebdd7cb37359fa6","2199","","s","true","[[192,580],[580,407],[407,19],[19,192]]","false","4","main_T2_Trial","s","img/Fire_Up_Target.gif","[""img/Fire_Down_Distractor.gif"",""img/Fire_Down_Distractor.gif"",""img/Fire_Down_Distractor.gif"",""img/Fire_Down_Distractor.gif"",""img/Fire_Down_Distractor.gif"",""img/Fire_Down_Distractor.gif"",""img/Fire_Down_Distractor.gif"",""img/Fire_Down_Distractor.gif"",""img/Fire_Down_Distractor.gif"",""img/Fire_Down_Distractor.gif"",""img/Fire_Down_Distractor.gif"",""img/Fire_Down_Distractor.gif""]","4","targetUp_distractorsDown"
"","","","","","html-keyboard-response","206","821636","0.0-14.0-0.0-0.96","5ef4af3235893307228fc968","619531dcf66c91622fa1b861","61959597eebdd7cb37359fa6","null","","null","","","","","main_T1_ITI","","","","",""
"","","","","","visual-search-circle","207","824190","0.0-14.0-0.0-1.96","5ef4af3235893307228fc968","619531dcf66c91622fa1b861","61959597eebdd7cb37359fa6","1543","","s","true","[[445,562],[594,242],[336,2],[28,173],[95,519]]","false","5","main_T2_Trial","s","img/Fire_Down_Target.gif","[""img/Fire_Up_Distractor.gif"",""img/Fire_Up_Distractor.gif"",""img/Fire_Up_Distractor.gif"",""img/Fire_Up_Distractor.gif"",""img/Fire_Up_Distractor.gif"",""img/Fire_Up_Distractor.gif"",""img/Fire_Up_Distractor.gif"",""img/Fire_Up_Distractor.gif"",""img/Fire_Up_Distractor.gif"",""img/Fire_Up_Distractor.gif"",""img/Fire_Up_Distractor.gif"",""img/Fire_Up_Distractor.gif""]","5","targetDown_distractorsUp"
"","","","","","html-keyboard-response","208","824190","0.0-14.0-0.0-0.97","5ef4af3235893307228fc968","619531dcf66c91622fa1b861","61959597eebdd7cb37359fa6","null","","null","","","","","main_T1_ITI","","","","",""
"","","","","","visual-search-circle","209","826543","0.0-14.0-0.0-1.97","5ef4af3235893307228fc968","619531dcf66c91622fa1b861","61959597eebdd7cb37359fa6","1336","","s","true","[[559,450],[589,222],[449,40],[222,10],[40,150],[10,377],[150,559],[377,589]]","false","8","main_T2_Trial","s","img/Fire_Down_Target.gif","[""img/Fire_Up_Distractor.gif"",""img/Fire_Up_Distractor.gif"",""img/Fire_Up_Distractor.gif"",""img/Fire_Up_Distractor.gif"",""img/Fire_Up_Distractor.gif"",""img/Fire_Up_Distractor.gif"",""img/Fire_Up_Distractor.gif"",""img/Fire_Up_Distractor.gif"",""img/Fire_Up_Distractor.gif"",""img/Fire_Up_Distractor.gif"",""img/Fire_Up_Distractor.gif"",""img/Fire_Up_Distractor.gif""]","8","targetDown_distractorsUp"
"","","","","","html-keyboard-response","210","826544","0.0-14.0-0.0-0.98","5ef4af3235893307228fc968","619531dcf66c91622fa1b861","61959597eebdd7cb37359fa6","null","","null","","","","","main_T1_ITI","","","","",""
"","","","","","visual-search-circle","211","829355","0.0-14.0-0.0-1.98","5ef4af3235893307228fc968","619531dcf66c91622fa1b861","61959597eebdd7cb37359fa6","1792","","s","true","[[599,315],[407,19],[66,111],[48,463],[377,589]]","false","5","main_T2_Trial","s","img/Fire_Down_Target.gif","[""img/Fire_Up_Distractor.gif"",""img/Fire_Up_Distractor.gif"",""img/Fire_Up_Distractor.gif"",""img/Fire_Up_Distractor.gif"",""img/Fire_Up_Distractor.gif"",""img/Fire_Up_Distractor.gif"",""img/Fire_Up_Distractor.gif"",""img/Fire_Up_Distractor.gif"",""img/Fire_Up_Distractor.gif"",""img/Fire_Up_Distractor.gif"",""img/Fire_Up_Distractor.gif"",""img/Fire_Up_Distractor.gif""]","5","targetDown_distractorsUp"
"","","","","","html-keyboard-response","212","830390","0.0-14.0-0.0-0.99","5ef4af3235893307228fc968","619531dcf66c91622fa1b861","61959597eebdd7cb37359fa6","1034","Wow! You've completed 100 out of 160 trials! </p> <p>  </p><p> Take a quick break, then press any key when you're ready to continue.","s","","","","","main_T1_ITI","","","","",""
"","","","","","visual-search-circle","213","833523","0.0-14.0-0.0-1.99","5ef4af3235893307228fc968","619531dcf66c91622fa1b861","61959597eebdd7cb37359fa6","2123","","s","true","[[18,402],[173,571],[402,581],[571,426],[581,197],[426,28],[197,18],[28,173]]","false","8","main_T2_Trial","s","img/Fire_Down_Target.gif","[""img/Fire_Up_Distractor.gif"",""img/Fire_Up_Distractor.gif"",""img/Fire_Up_Distractor.gif"",""img/Fire_Up_Distractor.gif"",""img/Fire_Up_Distractor.gif"",""img/Fire_Up_Distractor.gif"",""img/Fire_Up_Distractor.gif"",""img/Fire_Up_Distractor.gif"",""img/Fire_Up_Distractor.gif"",""img/Fire_Up_Distractor.gif"",""img/Fire_Up_Distractor.gif"",""img/Fire_Up_Distractor.gif""]","8","targetDown_distractorsUp"
"","","","","","html-keyboard-response","214","833523","0.0-14.0-0.0-0.100","5ef4af3235893307228fc968","619531dcf66c91622fa1b861","61959597eebdd7cb37359fa6","null","","null","","","","","main_T1_ITI","","","","",""
"","","","","","visual-search-circle","215","835941","0.0-14.0-0.0-1.100","5ef4af3235893307228fc968","619531dcf66c91622fa1b861","61959597eebdd7cb37359fa6","1402","","d","true","[[5,242],[103,526],[397,583],[594,357],[496,73],[202,16]]","true","6","main_T2_Trial","d","img/Fire_Up_Target.gif","[""img/Fire_Down_Distractor.gif"",""img/Fire_Down_Distractor.gif"",""img/Fire_Down_Distractor.gif"",""img/Fire_Down_Distractor.gif"",""img/Fire_Down_Distractor.gif"",""img/Fire_Down_Distractor.gif"",""img/Fire_Down_Distractor.gif"",""img/Fire_Down_Distractor.gif"",""img/Fire_Down_Distractor.gif"",""img/Fire_Down_Distractor.gif"",""img/Fire_Down_Distractor.gif"",""img/Fire_Down_Distractor.gif""]","6","targetUp_distractorsDown"
"","","","","","html-keyboard-response","216","835942","0.0-14.0-0.0-0.101","5ef4af3235893307228fc968","619531dcf66c91622fa1b861","61959597eebdd7cb37359fa6","null","","null","","","","","main_T1_ITI","","","","",""
"","","","","","visual-search-circle","217","841094","0.0-14.0-0.0-1.101","5ef4af3235893307228fc968","619531dcf66c91622fa1b861","61959597eebdd7cb37359fa6","4141","","d","true","[[372,8],[8,227],[227,591],[591,372]]","true","4","main_T2_Trial","d","img/Fire_Up_Target.gif","[""img/Fire_Down_Distractor.gif"",""img/Fire_Down_Distractor.gif"",""img/Fire_Down_Distractor.gif"",""img/Fire_Down_Distractor.gif"",""img/Fire_Down_Distractor.gif"",""img/Fire_Down_Distractor.gif"",""img/Fire_Down_Distractor.gif"",""img/Fire_Down_Distractor.gif"",""img/Fire_Down_Distractor.gif"",""img/Fire_Down_Distractor.gif"",""img/Fire_Down_Distractor.gif"",""img/Fire_Down_Distractor.gif""]","4","targetUp_distractorsDown"
"","","","","","html-keyboard-response","218","841094","0.0-14.0-0.0-0.102","5ef4af3235893307228fc968","619531dcf66c91622fa1b861","61959597eebdd7cb37359fa6","null","","null","","","","","main_T1_ITI","","","","",""
"","","","","","visual-search-circle","219","843998","0.0-14.0-0.0-1.102","5ef4af3235893307228fc968","619531dcf66c91622fa1b861","61959597eebdd7cb37359fa6","1895","","s","true","[[66,111],[7,364],[167,569],[428,571],[591,368],[535,114],[302,0]]","false","7","main_T2_Trial","s","img/Fire_Down_Target.gif","[""img/Fire_Up_Distractor.gif"",""img/Fire_Up_Distractor.gif"",""img/Fire_Up_Distractor.gif"",""img/Fire_Up_Distractor.gif"",""img/Fire_Up_Distractor.gif"",""img/Fire_Up_Distractor.gif"",""img/Fire_Up_Distractor.gif"",""img/Fire_Up_Distractor.gif"",""img/Fire_Up_Distractor.gif"",""img/Fire_Up_Distractor.gif"",""img/Fire_Up_Distractor.gif"",""img/Fire_Up_Distractor.gif""]","7","targetDown_distractorsUp"
"","","","","","html-keyboard-response","220","843999","0.0-14.0-0.0-0.103","5ef4af3235893307228fc968","619531dcf66c91622fa1b861","61959597eebdd7cb37359fa6","null","","null","","","","","main_T1_ITI","","","","",""
"","","","","","visual-search-circle","221","856284","0.0-14.0-0.0-1.103","5ef4af3235893307228fc968","619531dcf66c91622fa1b861","61959597eebdd7cb37359fa6","11264","","d","true","[[591,227],[454,42],[227,8],[42,145],[8,372],[145,557],[372,591],[557,454]]","true","8","main_T2_Trial","d","img/Fire_Up_Target.gif","[""img/Fire_Down_Distractor.gif"",""img/Fire_Down_Distractor.gif"",""img/Fire_Down_Distractor.gif"",""img/Fire_Down_Distractor.gif"",""img/Fire_Down_Distractor.gif"",""img/Fire_Down_Distractor.gif"",""img/Fire_Down_Distractor.gif"",""img/Fire_Down_Distractor.gif"",""img/Fire_Down_Distractor.gif"",""img/Fire_Down_Distractor.gif"",""img/Fire_Down_Distractor.gif"",""img/Fire_Down_Distractor.gif""]","8","targetUp_distractorsDown"
"","","","","","html-keyboard-response","222","856284","0.0-14.0-0.0-0.104","5ef4af3235893307228fc968","619531dcf66c91622fa1b861","61959597eebdd7cb37359fa6","null","","null","","","","","main_T1_ITI","","","","",""
"","","","","","visual-search-circle","223","864676","0.0-14.0-0.0-1.104","5ef4af3235893307228fc968","619531dcf66c91622fa1b861","61959597eebdd7cb37359fa6","7387","","s","true","[[367,592],[570,429],[569,169],[366,7],[112,65],[0,300],[113,535]]","false","7","main_T2_Trial","s","img/Fire_Up_Target.gif","[""img/Fire_Down_Distractor.gif"",""img/Fire_Down_Distractor.gif"",""img/Fire_Down_Distractor.gif"",""img/Fire_Down_Distractor.gif"",""img/Fire_Down_Distractor.gif"",""img/Fire_Down_Distractor.gif"",""img/Fire_Down_Distractor.gif"",""img/Fire_Down_Distractor.gif"",""img/Fire_Down_Distractor.gif"",""img/Fire_Down_Distractor.gif"",""img/Fire_Down_Distractor.gif"",""img/Fire_Down_Distractor.gif""]","7","targetUp_distractorsDown"
"","","","","","html-keyboard-response","224","864678","0.0-14.0-0.0-0.105","5ef4af3235893307228fc968","619531dcf66c91622fa1b861","61959597eebdd7cb37359fa6","null","","null","","","","","main_T1_ITI","","","","",""
"","","","","","visual-search-circle","225","868058","0.0-14.0-0.0-1.105","5ef4af3235893307228fc968","619531dcf66c91622fa1b861","61959597eebdd7cb37359fa6","2374","","s","true","[[182,23],[21,187],[23,417],[187,578],[417,576],[578,412],[576,182],[412,21]]","false","8","main_T2_Trial","s","img/Fire_Up_Target.gif","[""img/Fire_Down_Distractor.gif"",""img/Fire_Down_Distractor.gif"",""img/Fire_Down_Distractor.gif"",""img/Fire_Down_Distractor.gif"",""img/Fire_Down_Distractor.gif"",""img/Fire_Down_Distractor.gif"",""img/Fire_Down_Distractor.gif"",""img/Fire_Down_Distractor.gif"",""img/Fire_Down_Distractor.gif"",""img/Fire_Down_Distractor.gif"",""img/Fire_Down_Distractor.gif"",""img/Fire_Down_Distractor.gif""]","8","targetUp_distractorsDown"
"","","","","","html-keyboard-response","226","868063","0.0-14.0-0.0-0.106","5ef4af3235893307228fc968","619531dcf66c91622fa1b861","61959597eebdd7cb37359fa6","null","","null","","","","","main_T1_ITI","","","","",""
"","","","","","visual-search-circle","227","878048","0.0-14.0-0.0-1.106","5ef4af3235893307228fc968","619531dcf66c91622fa1b861","61959597eebdd7cb37359fa6","8975","","s","false","[[273,598],[492,529],[598,326],[529,107],[326,1],[107,70],[1,273],[70,492]]","true","8","main_T2_Trial","d","img/Fire_Down_Target.gif","[""img/Fire_Up_Distractor.gif"",""img/Fire_Up_Distractor.gif"",""img/Fire_Up_Distractor.gif"",""img/Fire_Up_Distractor.gif"",""img/Fire_Up_Distractor.gif"",""img/Fire_Up_Distractor.gif"",""img/Fire_Up_Distractor.gif"",""img/Fire_Up_Distractor.gif"",""img/Fire_Up_Distractor.gif"",""img/Fire_Up_Distractor.gif"",""img/Fire_Up_Distractor.gif"",""img/Fire_Up_Distractor.gif""]","8","targetDown_distractorsUp"
"","","","","","html-keyboard-response","228","878048","0.0-14.0-0.0-0.107","5ef4af3235893307228fc968","619531dcf66c91622fa1b861","61959597eebdd7cb37359fa6","null","","null","","","","","main_T1_ITI","","","","",""
"","","","","","visual-search-circle","229","880985","0.0-14.0-0.0-1.107","5ef4af3235893307228fc968","619531dcf66c91622fa1b861","61959597eebdd7cb37359fa6","1928","","s","true","[[341,2],[2,258],[258,597],[597,341]]","false","4","main_T2_Trial","s","img/Fire_Down_Target.gif","[""img/Fire_Up_Distractor.gif"",""img/Fire_Up_Distractor.gif"",""img/Fire_Up_Distractor.gif"",""img/Fire_Up_Distractor.gif"",""img/Fire_Up_Distractor.gif"",""img/Fire_Up_Distractor.gif"",""img/Fire_Up_Distractor.gif"",""img/Fire_Up_Distractor.gif"",""img/Fire_Up_Distractor.gif"",""img/Fire_Up_Distractor.gif"",""img/Fire_Up_Distractor.gif"",""img/Fire_Up_Distractor.gif""]","4","targetDown_distractorsUp"
"","","","","","html-keyboard-response","230","880986","0.0-14.0-0.0-0.108","5ef4af3235893307228fc968","619531dcf66c91622fa1b861","61959597eebdd7cb37359fa6","null","","null","","","","","main_T1_ITI","","","","",""
"","","","","","visual-search-circle","231","885869","0.0-14.0-0.0-1.108","5ef4af3235893307228fc968","619531dcf66c91622fa1b861","61959597eebdd7cb37359fa6","3866","","d","true","[[586,387],[519,95],[232,7],[13,212],[80,504],[367,592]]","true","6","main_T2_Trial","d","img/Fire_Down_Target.gif","[""img/Fire_Up_Distractor.gif"",""img/Fire_Up_Distractor.gif"",""img/Fire_Up_Distractor.gif"",""img/Fire_Up_Distractor.gif"",""img/Fire_Up_Distractor.gif"",""img/Fire_Up_Distractor.gif"",""img/Fire_Up_Distractor.gif"",""img/Fire_Up_Distractor.gif"",""img/Fire_Up_Distractor.gif"",""img/Fire_Up_Distractor.gif"",""img/Fire_Up_Distractor.gif"",""img/Fire_Up_Distractor.gif""]","6","targetDown_distractorsUp"
"","","","","","html-keyboard-response","232","885869","0.0-14.0-0.0-0.109","5ef4af3235893307228fc968","619531dcf66c91622fa1b861","61959597eebdd7cb37359fa6","null","","null","","","","","main_T1_ITI","","","","",""
"","","","","","visual-search-circle","233","890794","0.0-14.0-0.0-1.109","5ef4af3235893307228fc968","619531dcf66c91622fa1b861","61959597eebdd7cb37359fa6","3909","","d","true","[[42,145],[37,445],[294,599],[557,454],[562,154],[305,0]]","true","6","main_T2_Trial","d","img/Fire_Down_Target.gif","[""img/Fire_Up_Distractor.gif"",""img/Fire_Up_Distractor.gif"",""img/Fire_Up_Distractor.gif"",""img/Fire_Up_Distractor.gif"",""img/Fire_Up_Distractor.gif"",""img/Fire_Up_Distractor.gif"",""img/Fire_Up_Distractor.gif"",""img/Fire_Up_Distractor.gif"",""img/Fire_Up_Distractor.gif"",""img/Fire_Up_Distractor.gif"",""img/Fire_Up_Distractor.gif"",""img/Fire_Up_Distractor.gif""]","6","targetDown_distractorsUp"
"","","","","","html-keyboard-response","234","890795","0.0-14.0-0.0-0.110","5ef4af3235893307228fc968","619531dcf66c91622fa1b861","61959597eebdd7cb37359fa6","null","","null","","","","","main_T1_ITI","","","","",""
"","","","","","visual-search-circle","235","893308","0.0-14.0-0.0-1.110","5ef4af3235893307228fc968","619531dcf66c91622fa1b861","61959597eebdd7cb37359fa6","1499","","s","true","[[11,217],[84,508],[372,591],[588,382],[515,91],[227,8]]","false","6","main_T2_Trial","s","img/Fire_Down_Target.gif","[""img/Fire_Up_Distractor.gif"",""img/Fire_Up_Distractor.gif"",""img/Fire_Up_Distractor.gif"",""img/Fire_Up_Distractor.gif"",""img/Fire_Up_Distractor.gif"",""img/Fire_Up_Distractor.gif"",""img/Fire_Up_Distractor.gif"",""img/Fire_Up_Distractor.gif"",""img/Fire_Up_Distractor.gif"",""img/Fire_Up_Distractor.gif"",""img/Fire_Up_Distractor.gif"",""img/Fire_Up_Distractor.gif""]","6","targetDown_distractorsUp"
"","","","","","html-keyboard-response","236","893309","0.0-14.0-0.0-0.111","5ef4af3235893307228fc968","619531dcf66c91622fa1b861","61959597eebdd7cb37359fa6","null","","null","","","","","main_T1_ITI","","","","",""
"","","","","","visual-search-circle","237","895993","0.0-14.0-0.0-1.111","5ef4af3235893307228fc968","619531dcf66c91622fa1b861","61959597eebdd7cb37359fa6","1678","","s","true","[[581,197],[352,4],[70,107],[18,402],[247,595],[529,492]]","false","6","main_T2_Trial","s","img/Fire_Up_Target.gif","[""img/Fire_Down_Distractor.gif"",""img/Fire_Down_Distractor.gif"",""img/Fire_Down_Distractor.gif"",""img/Fire_Down_Distractor.gif"",""img/Fire_Down_Distractor.gif"",""img/Fire_Down_Distractor.gif"",""img/Fire_Down_Distractor.gif"",""img/Fire_Down_Distractor.gif"",""img/Fire_Down_Distractor.gif"",""img/Fire_Down_Distractor.gif"",""img/Fire_Down_Distractor.gif"",""img/Fire_Down_Distractor.gif""]","6","targetUp_distractorsDown"
"","","","","","html-keyboard-response","238","895994","0.0-14.0-0.0-0.112","5ef4af3235893307228fc968","619531dcf66c91622fa1b861","61959597eebdd7cb37359fa6","null","","null","","","","","main_T1_ITI","","","","",""
"","","","","","visual-search-circle","239","898566","0.0-14.0-0.0-1.112","5ef4af3235893307228fc968","619531dcf66c91622fa1b861","61959597eebdd7cb37359fa6","1566","","d","true","[[11,382],[154,562],[382,588],[562,445],[588,217],[445,37],[217,11],[37,154]]","true","8","main_T2_Trial","d","img/Fire_Up_Target.gif","[""img/Fire_Down_Distractor.gif"",""img/Fire_Down_Distractor.gif"",""img/Fire_Down_Distractor.gif"",""img/Fire_Down_Distractor.gif"",""img/Fire_Down_Distractor.gif"",""img/Fire_Down_Distractor.gif"",""img/Fire_Down_Distractor.gif"",""img/Fire_Down_Distractor.gif"",""img/Fire_Down_Distractor.gif"",""img/Fire_Down_Distractor.gif"",""img/Fire_Down_Distractor.gif"",""img/Fire_Down_Distractor.gif""]","8","targetUp_distractorsDown"
"","","","","","html-keyboard-response","240","898567","0.0-14.0-0.0-0.113","5ef4af3235893307228fc968","619531dcf66c91622fa1b861","61959597eebdd7cb37359fa6","null","","null","","","","","main_T1_ITI","","","","",""
"","","","","","visual-search-circle","241","901330","0.0-14.0-0.0-1.113","5ef4af3235893307228fc968","619531dcf66c91622fa1b861","61959597eebdd7cb37359fa6","1752","","s","true","[[352,595],[563,443],[576,183],[381,11],[124,56],[0,285],[101,524]]","false","7","main_T2_Trial","s","img/Fire_Up_Target.gif","[""img/Fire_Down_Distractor.gif"",""img/Fire_Down_Distractor.gif"",""img/Fire_Down_Distractor.gif"",""img/Fire_Down_Distractor.gif"",""img/Fire_Down_Distractor.gif"",""img/Fire_Down_Distractor.gif"",""img/Fire_Down_Distractor.gif"",""img/Fire_Down_Distractor.gif"",""img/Fire_Down_Distractor.gif"",""img/Fire_Down_Distractor.gif"",""img/Fire_Down_Distractor.gif"",""img/Fire_Down_Distractor.gif""]","7","targetUp_distractorsDown"
"","","","","","html-keyboard-response","242","901334","0.0-14.0-0.0-0.114","5ef4af3235893307228fc968","619531dcf66c91622fa1b861","61959597eebdd7cb37359fa6","null","","null","","","","","main_T1_ITI","","","","",""
"","","","","","visual-search-circle","243","903912","0.0-14.0-0.0-1.114","5ef4af3235893307228fc968","619531dcf66c91622fa1b861","61959597eebdd7cb37359fa6","1561","","s","true","[[212,586],[545,472],[539,119],[202,16],[0,305]]","false","5","main_T2_Trial","s","img/Fire_Up_Target.gif","[""img/Fire_Down_Distractor.gif"",""img/Fire_Down_Distractor.gif"",""img/Fire_Down_Distractor.gif"",""img/Fire_Down_Distractor.gif"",""img/Fire_Down_Distractor.gif"",""img/Fire_Down_Distractor.gif"",""img/Fire_Down_Distractor.gif"",""img/Fire_Down_Distractor.gif"",""img/Fire_Down_Distractor.gif"",""img/Fire_Down_Distractor.gif"",""img/Fire_Down_Distractor.gif"",""img/Fire_Down_Distractor.gif""]","5","targetUp_distractorsDown"
"","","","","","html-keyboard-response","244","903913","0.0-14.0-0.0-0.115","5ef4af3235893307228fc968","619531dcf66c91622fa1b861","61959597eebdd7cb37359fa6","null","","null","","","","","main_T1_ITI","","","","",""
"","","","","","visual-search-circle","245","906618","0.0-14.0-0.0-1.115","5ef4af3235893307228fc968","619531dcf66c91622fa1b861","61959597eebdd7cb37359fa6","1686","","s","true","[[599,315],[407,19],[66,111],[48,463],[377,589]]","false","5","main_T2_Trial","s","img/Fire_Down_Target.gif","[""img/Fire_Up_Distractor.gif"",""img/Fire_Up_Distractor.gif"",""img/Fire_Up_Distractor.gif"",""img/Fire_Up_Distractor.gif"",""img/Fire_Up_Distractor.gif"",""img/Fire_Up_Distractor.gif"",""img/Fire_Up_Distractor.gif"",""img/Fire_Up_Distractor.gif"",""img/Fire_Up_Distractor.gif"",""img/Fire_Up_Distractor.gif"",""img/Fire_Up_Distractor.gif"",""img/Fire_Up_Distractor.gif""]","5","targetDown_distractorsUp"
"","","","","","html-keyboard-response","246","906619","0.0-14.0-0.0-0.116","5ef4af3235893307228fc968","619531dcf66c91622fa1b861","61959597eebdd7cb37359fa6","null","","null","","","","","main_T1_ITI","","","","",""
"","","","","","visual-search-circle","247","909630","0.0-14.0-0.0-1.116","5ef4af3235893307228fc968","619531dcf66c91622fa1b861","61959597eebdd7cb37359fa6","2006","","d","true","[[149,559],[450,559],[600,300],[449,40],[150,40],[0,299]]","true","6","main_T2_Trial","d","img/Fire_Down_Target.gif","[""img/Fire_Up_Distractor.gif"",""img/Fire_Up_Distractor.gif"",""img/Fire_Up_Distractor.gif"",""img/Fire_Up_Distractor.gif"",""img/Fire_Up_Distractor.gif"",""img/Fire_Up_Distractor.gif"",""img/Fire_Up_Distractor.gif"",""img/Fire_Up_Distractor.gif"",""img/Fire_Up_Distractor.gif"",""img/Fire_Up_Distractor.gif"",""img/Fire_Up_Distractor.gif"",""img/Fire_Up_Distractor.gif""]","6","targetDown_distractorsUp"
"","","","","","html-keyboard-response","248","909630","0.0-14.0-0.0-0.117","5ef4af3235893307228fc968","619531dcf66c91622fa1b861","61959597eebdd7cb37359fa6","null","","null","","","","","main_T1_ITI","","","","",""
"","","","","","visual-search-circle","249","920673","0.0-14.0-0.0-1.117","5ef4af3235893307228fc968","619531dcf66c91622fa1b861","61959597eebdd7cb37359fa6","10027","","d","true","[[533,111],[297,0],[64,114],[8,368],[171,571],[432,569],[592,364]]","true","7","main_T2_Trial","d","img/Fire_Up_Target.gif","[""img/Fire_Down_Distractor.gif"",""img/Fire_Down_Distractor.gif"",""img/Fire_Down_Distractor.gif"",""img/Fire_Down_Distractor.gif"",""img/Fire_Down_Distractor.gif"",""img/Fire_Down_Distractor.gif"",""img/Fire_Down_Distractor.gif"",""img/Fire_Down_Distractor.gif"",""img/Fire_Down_Distractor.gif"",""img/Fire_Down_Distractor.gif"",""img/Fire_Down_Distractor.gif"",""img/Fire_Down_Distractor.gif""]","7","targetUp_distractorsDown"
"","","","","","html-keyboard-response","250","920674","0.0-14.0-0.0-0.118","5ef4af3235893307228fc968","619531dcf66c91622fa1b861","61959597eebdd7cb37359fa6","null","","null","","","","","main_T1_ITI","","","","",""
"","","","","","visual-search-circle","251","923068","0.0-14.0-0.0-1.118","5ef4af3235893307228fc968","619531dcf66c91622fa1b861","61959597eebdd7cb37359fa6","1387","","d","true","[[320,0],[0,279],[279,599],[599,320]]","true","4","main_T2_Trial","d","img/Fire_Up_Target.gif","[""img/Fire_Down_Distractor.gif"",""img/Fire_Down_Distractor.gif"",""img/Fire_Down_Distractor.gif"",""img/Fire_Down_Distractor.gif"",""img/Fire_Down_Distractor.gif"",""img/Fire_Down_Distractor.gif"",""img/Fire_Down_Distractor.gif"",""img/Fire_Down_Distractor.gif"",""img/Fire_Down_Distractor.gif"",""img/Fire_Down_Distractor.gif"",""img/Fire_Down_Distractor.gif"",""img/Fire_Down_Distractor.gif""]","4","targetUp_distractorsDown"
"","","","","","html-keyboard-response","252","923976","0.0-14.0-0.0-0.119","5ef4af3235893307228fc968","619531dcf66c91622fa1b861","61959597eebdd7cb37359fa6","908","Wow! You've completed 120 out of 160 trials! </p> <p>  </p><p> Take a quick break, then press any key when you're ready to continue.","d","","","","","main_T1_ITI","","","","",""
"","","","","","visual-search-circle","253","926932","0.0-14.0-0.0-1.119","5ef4af3235893307228fc968","619531dcf66c91622fa1b861","61959597eebdd7cb37359fa6","1940","","s","true","[[107,529],[326,598],[529,492],[598,273],[492,70],[273,1],[70,107],[1,326]]","false","8","main_T2_Trial","s","img/Fire_Up_Target.gif","[""img/Fire_Down_Distractor.gif"",""img/Fire_Down_Distractor.gif"",""img/Fire_Down_Distractor.gif"",""img/Fire_Down_Distractor.gif"",""img/Fire_Down_Distractor.gif"",""img/Fire_Down_Distractor.gif"",""img/Fire_Down_Distractor.gif"",""img/Fire_Down_Distractor.gif"",""img/Fire_Down_Distractor.gif"",""img/Fire_Down_Distractor.gif"",""img/Fire_Down_Distractor.gif"",""img/Fire_Down_Distractor.gif""]","8","targetUp_distractorsDown"
"","","","","","html-keyboard-response","254","926933","0.0-14.0-0.0-0.120","5ef4af3235893307228fc968","619531dcf66c91622fa1b861","61959597eebdd7cb37359fa6","null","","null","","","","","main_T1_ITI","","","","",""
"","","","","","visual-search-circle","255","928752","0.0-14.0-0.0-1.120","5ef4af3235893307228fc968","619531dcf66c91622fa1b861","61959597eebdd7cb37359fa6","802","","d","true","[[600,300],[512,87],[300,0],[87,87],[0,299],[87,512],[299,600],[512,512]]","true","8","main_T2_Trial","d","img/Fire_Down_Target.gif","[""img/Fire_Up_Distractor.gif"",""img/Fire_Up_Distractor.gif"",""img/Fire_Up_Distractor.gif"",""img/Fire_Up_Distractor.gif"",""img/Fire_Up_Distractor.gif"",""img/Fire_Up_Distractor.gif"",""img/Fire_Up_Distractor.gif"",""img/Fire_Up_Distractor.gif"",""img/Fire_Up_Distractor.gif"",""img/Fire_Up_Distractor.gif"",""img/Fire_Up_Distractor.gif"",""img/Fire_Up_Distractor.gif""]","8","targetDown_distractorsUp"
"","","","","","html-keyboard-response","256","928754","0.0-14.0-0.0-0.121","5ef4af3235893307228fc968","619531dcf66c91622fa1b861","61959597eebdd7cb37359fa6","null","","null","","","","","main_T1_ITI","","","","",""
"","","","","","visual-search-circle","257","931025","0.0-14.0-0.0-1.121","5ef4af3235893307228fc968","619531dcf66c91622fa1b861","61959597eebdd7cb37359fa6","1252","","d","true","[[578,412],[561,152],[347,3],[98,78],[0,319],[128,546],[385,587]]","true","7","main_T2_Trial","d","img/Fire_Up_Target.gif","[""img/Fire_Down_Distractor.gif"",""img/Fire_Down_Distractor.gif"",""img/Fire_Down_Distractor.gif"",""img/Fire_Down_Distractor.gif"",""img/Fire_Down_Distractor.gif"",""img/Fire_Down_Distractor.gif"",""img/Fire_Down_Distractor.gif"",""img/Fire_Down_Distractor.gif"",""img/Fire_Down_Distractor.gif"",""img/Fire_Down_Distractor.gif"",""img/Fire_Down_Distractor.gif"",""img/Fire_Down_Distractor.gif""]","7","targetUp_distractorsDown"
"","","","","","html-keyboard-response","258","931026","0.0-14.0-0.0-0.122","5ef4af3235893307228fc968","619531dcf66c91622fa1b861","61959597eebdd7cb37359fa6","null","","null","","","","","main_T1_ITI","","","","",""
"","","","","","visual-search-circle","259","933109","0.0-14.0-0.0-1.122","5ef4af3235893307228fc968","619531dcf66c91622fa1b861","61959597eebdd7cb37359fa6","1069","","d","true","[[341,597],[597,258],[258,2],[2,341]]","true","4","main_T2_Trial","d","img/Fire_Down_Target.gif","[""img/Fire_Up_Distractor.gif"",""img/Fire_Up_Distractor.gif"",""img/Fire_Up_Distractor.gif"",""img/Fire_Up_Distractor.gif"",""img/Fire_Up_Distractor.gif"",""img/Fire_Up_Distractor.gif"",""img/Fire_Up_Distractor.gif"",""img/Fire_Up_Distractor.gif"",""img/Fire_Up_Distractor.gif"",""img/Fire_Up_Distractor.gif"",""img/Fire_Up_Distractor.gif"",""img/Fire_Up_Distractor.gif""]","4","targetDown_distractorsUp"
"","","","","","html-keyboard-response","260","933109","0.0-14.0-0.0-0.123","5ef4af3235893307228fc968","619531dcf66c91622fa1b861","61959597eebdd7cb37359fa6","null","","null","","","","","main_T1_ITI","","","","",""
"","","","","","visual-search-circle","261","935617","0.0-14.0-0.0-1.123","5ef4af3235893307228fc968","619531dcf66c91622fa1b861","61959597eebdd7cb37359fa6","1506","","d","true","[[119,60],[60,480],[480,539],[539,119]]","true","4","main_T2_Trial","d","img/Fire_Down_Target.gif","[""img/Fire_Up_Distractor.gif"",""img/Fire_Up_Distractor.gif"",""img/Fire_Up_Distractor.gif"",""img/Fire_Up_Distractor.gif"",""img/Fire_Up_Distractor.gif"",""img/Fire_Up_Distractor.gif"",""img/Fire_Up_Distractor.gif"",""img/Fire_Up_Distractor.gif"",""img/Fire_Up_Distractor.gif"",""img/Fire_Up_Distractor.gif"",""img/Fire_Up_Distractor.gif"",""img/Fire_Up_Distractor.gif""]","4","targetDown_distractorsUp"
"","","","","","html-keyboard-response","262","935617","0.0-14.0-0.0-0.124","5ef4af3235893307228fc968","619531dcf66c91622fa1b861","61959597eebdd7cb37359fa6","null","","null","","","","","main_T1_ITI","","","","",""
"","","","","","visual-search-circle","263","937729","0.0-14.0-0.0-1.124","5ef4af3235893307228fc968","619531dcf66c91622fa1b861","61959597eebdd7cb37359fa6","1104","","d","true","[[592,232],[387,13],[95,80],[7,367],[212,586],[504,519]]","true","6","main_T2_Trial","d","img/Fire_Down_Target.gif","[""img/Fire_Up_Distractor.gif"",""img/Fire_Up_Distractor.gif"",""img/Fire_Up_Distractor.gif"",""img/Fire_Up_Distractor.gif"",""img/Fire_Up_Distractor.gif"",""img/Fire_Up_Distractor.gif"",""img/Fire_Up_Distractor.gif"",""img/Fire_Up_Distractor.gif"",""img/Fire_Up_Distractor.gif"",""img/Fire_Up_Distractor.gif"",""img/Fire_Up_Distractor.gif"",""img/Fire_Up_Distractor.gif""]","6","targetDown_distractorsUp"
"","","","","","html-keyboard-response","264","937730","0.0-14.0-0.0-0.125","5ef4af3235893307228fc968","619531dcf66c91622fa1b861","61959597eebdd7cb37359fa6","null","","null","","","","","main_T1_ITI","","","","",""
"","","","","","visual-search-circle","265","939570","0.0-14.0-0.0-1.125","5ef4af3235893307228fc968","619531dcf66c91622fa1b861","61959597eebdd7cb37359fa6","825","","s","true","[[397,583],[594,357],[496,73],[202,16],[5,242],[103,526]]","false","6","main_T2_Trial","s","img/Fire_Down_Target.gif","[""img/Fire_Up_Distractor.gif"",""img/Fire_Up_Distractor.gif"",""img/Fire_Up_Distractor.gif"",""img/Fire_Up_Distractor.gif"",""img/Fire_Up_Distractor.gif"",""img/Fire_Up_Distractor.gif"",""img/Fire_Up_Distractor.gif"",""img/Fire_Up_Distractor.gif"",""img/Fire_Up_Distractor.gif"",""img/Fire_Up_Distractor.gif"",""img/Fire_Up_Distractor.gif"",""img/Fire_Up_Distractor.gif""]","6","targetDown_distractorsUp"
"","","","","","html-keyboard-response","266","939571","0.0-14.0-0.0-0.126","5ef4af3235893307228fc968","619531dcf66c91622fa1b861","61959597eebdd7cb37359fa6","null","","null","","","","","main_T1_ITI","","","","",""
"","","","","","visual-search-circle","267","941524","0.0-14.0-0.0-1.126","5ef4af3235893307228fc968","619531dcf66c91622fa1b861","61959597eebdd7cb37359fa6","937","","s","true","[[562,154],[349,4],[99,76],[0,317],[126,544],[383,588],[577,414]]","false","7","main_T2_Trial","s","img/Fire_Up_Target.gif","[""img/Fire_Down_Distractor.gif"",""img/Fire_Down_Distractor.gif"",""img/Fire_Down_Distractor.gif"",""img/Fire_Down_Distractor.gif"",""img/Fire_Down_Distractor.gif"",""img/Fire_Down_Distractor.gif"",""img/Fire_Down_Distractor.gif"",""img/Fire_Down_Distractor.gif"",""img/Fire_Down_Distractor.gif"",""img/Fire_Down_Distractor.gif"",""img/Fire_Down_Distractor.gif"",""img/Fire_Down_Distractor.gif""]","7","targetUp_distractorsDown"
"","","","","","html-keyboard-response","268","941525","0.0-14.0-0.0-0.127","5ef4af3235893307228fc968","619531dcf66c91622fa1b861","61959597eebdd7cb37359fa6","null","","null","","","","","main_T1_ITI","","","","",""
"","","","","","visual-search-circle","269","943545","0.0-14.0-0.0-1.127","5ef4af3235893307228fc968","619531dcf66c91622fa1b861","61959597eebdd7cb37359fa6","1011","","s","true","[[484,63],[263,2],[63,115],[2,336],[115,536],[336,597],[536,484],[597,263]]","false","8","main_T2_Trial","s","img/Fire_Up_Target.gif","[""img/Fire_Down_Distractor.gif"",""img/Fire_Down_Distractor.gif"",""img/Fire_Down_Distractor.gif"",""img/Fire_Down_Distractor.gif"",""img/Fire_Down_Distractor.gif"",""img/Fire_Down_Distractor.gif"",""img/Fire_Down_Distractor.gif"",""img/Fire_Down_Distractor.gif"",""img/Fire_Down_Distractor.gif"",""img/Fire_Down_Distractor.gif"",""img/Fire_Down_Distractor.gif"",""img/Fire_Down_Distractor.gif""]","8","targetUp_distractorsDown"
"","","","","","html-keyboard-response","270","943545","0.0-14.0-0.0-0.128","5ef4af3235893307228fc968","619531dcf66c91622fa1b861","61959597eebdd7cb37359fa6","null","","null","","","","","main_T1_ITI","","","","",""
"","","","","","visual-search-circle","271","945601","0.0-14.0-0.0-1.128","5ef4af3235893307228fc968","619531dcf66c91622fa1b861","61959597eebdd7cb37359fa6","1044","","s","true","[[533,111],[111,66],[66,488],[488,533]]","false","4","main_T2_Trial","s","img/Fire_Up_Target.gif","[""img/Fire_Down_Distractor.gif"",""img/Fire_Down_Distractor.gif"",""img/Fire_Down_Distractor.gif"",""img/Fire_Down_Distractor.gif"",""img/Fire_Down_Distractor.gif"",""img/Fire_Down_Distractor.gif"",""img/Fire_Down_Distractor.gif"",""img/Fire_Down_Distractor.gif"",""img/Fire_Down_Distractor.gif"",""img/Fire_Down_Distractor.gif"",""img/Fire_Down_Distractor.gif"",""img/Fire_Down_Distractor.gif""]","4","targetUp_distractorsDown"
"","","","","","html-keyboard-response","272","945602","0.0-14.0-0.0-0.129","5ef4af3235893307228fc968","619531dcf66c91622fa1b861","61959597eebdd7cb37359fa6","null","","null","","","","","main_T1_ITI","","","","",""
"","","","","","visual-search-circle","273","947534","0.0-14.0-0.0-1.129","5ef4af3235893307228fc968","619531dcf66c91622fa1b861","61959597eebdd7cb37359fa6","908","","d","true","[[569,431],[548,132],[279,0],[30,168],[51,467],[320,599]]","true","6","main_T2_Trial","d","img/Fire_Up_Target.gif","[""img/Fire_Down_Distractor.gif"",""img/Fire_Down_Distractor.gif"",""img/Fire_Down_Distractor.gif"",""img/Fire_Down_Distractor.gif"",""img/Fire_Down_Distractor.gif"",""img/Fire_Down_Distractor.gif"",""img/Fire_Down_Distractor.gif"",""img/Fire_Down_Distractor.gif"",""img/Fire_Down_Distractor.gif"",""img/Fire_Down_Distractor.gif"",""img/Fire_Down_Distractor.gif"",""img/Fire_Down_Distractor.gif""]","6","targetUp_distractorsDown"
"","","","","","html-keyboard-response","274","947534","0.0-14.0-0.0-0.130","5ef4af3235893307228fc968","619531dcf66c91622fa1b861","61959597eebdd7cb37359fa6","null","","null","","","","","main_T1_ITI","","","","",""
"","","","","","visual-search-circle","275","949480","0.0-14.0-0.0-1.130","5ef4af3235893307228fc968","619531dcf66c91622fa1b861","61959597eebdd7cb37359fa6","939","","s","true","[[585,207],[207,14],[14,392],[392,585]]","false","4","main_T2_Trial","s","img/Fire_Down_Target.gif","[""img/Fire_Up_Distractor.gif"",""img/Fire_Up_Distractor.gif"",""img/Fire_Up_Distractor.gif"",""img/Fire_Up_Distractor.gif"",""img/Fire_Up_Distractor.gif"",""img/Fire_Up_Distractor.gif"",""img/Fire_Up_Distractor.gif"",""img/Fire_Up_Distractor.gif"",""img/Fire_Up_Distractor.gif"",""img/Fire_Up_Distractor.gif"",""img/Fire_Up_Distractor.gif"",""img/Fire_Up_Distractor.gif""]","4","targetDown_distractorsUp"
"","","","","","html-keyboard-response","276","949481","0.0-14.0-0.0-0.131","5ef4af3235893307228fc968","619531dcf66c91622fa1b861","61959597eebdd7cb37359fa6","null","","null","","","","","main_T1_ITI","","","","",""
"","","","","","visual-search-circle","277","951851","0.0-14.0-0.0-1.131","5ef4af3235893307228fc968","619531dcf66c91622fa1b861","61959597eebdd7cb37359fa6","1356","","d","true","[[578,412],[576,182],[412,21],[182,23],[21,187],[23,417],[187,578],[417,576]]","true","8","main_T2_Trial","d","img/Fire_Up_Target.gif","[""img/Fire_Down_Distractor.gif"",""img/Fire_Down_Distractor.gif"",""img/Fire_Down_Distractor.gif"",""img/Fire_Down_Distractor.gif"",""img/Fire_Down_Distractor.gif"",""img/Fire_Down_Distractor.gif"",""img/Fire_Down_Distractor.gif"",""img/Fire_Down_Distractor.gif"",""img/Fire_Down_Distractor.gif"",""img/Fire_Down_Distractor.gif"",""img/Fire_Down_Distractor.gif"",""img/Fire_Down_Distractor.gif""]","8","targetUp_distractorsDown"
"","","","","","html-keyboard-response","278","951851","0.0-14.0-0.0-0.132","5ef4af3235893307228fc968","619531dcf66c91622fa1b861","61959597eebdd7cb37359fa6","null","","null","","","","","main_T1_ITI","","","","",""
"","","","","","visual-search-circle","279","954214","0.0-14.0-0.0-1.132","5ef4af3235893307228fc968","619531dcf66c91622fa1b861","61959597eebdd7cb37359fa6","1350","","d","true","[[533,111],[297,0],[64,114],[8,368],[171,571],[432,569],[592,364]]","true","7","main_T2_Trial","d","img/Fire_Down_Target.gif","[""img/Fire_Up_Distractor.gif"",""img/Fire_Up_Distractor.gif"",""img/Fire_Up_Distractor.gif"",""img/Fire_Up_Distractor.gif"",""img/Fire_Up_Distractor.gif"",""img/Fire_Up_Distractor.gif"",""img/Fire_Up_Distractor.gif"",""img/Fire_Up_Distractor.gif"",""img/Fire_Up_Distractor.gif"",""img/Fire_Up_Distractor.gif"",""img/Fire_Up_Distractor.gif"",""img/Fire_Up_Distractor.gif""]","7","targetDown_distractorsUp"
"","","","","","html-keyboard-response","280","954214","0.0-14.0-0.0-0.133","5ef4af3235893307228fc968","619531dcf66c91622fa1b861","61959597eebdd7cb37359fa6","null","","null","","","","","main_T1_ITI","","","","",""
"","","","","","visual-search-circle","281","958028","0.0-14.0-0.0-1.133","5ef4af3235893307228fc968","619531dcf66c91622fa1b861","61959597eebdd7cb37359fa6","2806","","s","false","[[341,2],[30,168],[91,515],[440,564],[595,247]]","true","5","main_T2_Trial","d","img/Fire_Up_Target.gif","[""img/Fire_Down_Distractor.gif"",""img/Fire_Down_Distractor.gif"",""img/Fire_Down_Distractor.gif"",""img/Fire_Down_Distractor.gif"",""img/Fire_Down_Distractor.gif"",""img/Fire_Down_Distractor.gif"",""img/Fire_Down_Distractor.gif"",""img/Fire_Down_Distractor.gif"",""img/Fire_Down_Distractor.gif"",""img/Fire_Down_Distractor.gif"",""img/Fire_Down_Distractor.gif"",""img/Fire_Down_Distractor.gif""]","5","targetUp_distractorsDown"
"","","","","","html-keyboard-response","282","958029","0.0-14.0-0.0-0.134","5ef4af3235893307228fc968","619531dcf66c91622fa1b861","61959597eebdd7cb37359fa6","null","","null","","","","","main_T1_ITI","","","","",""
"","","","","","visual-search-circle","283","960394","0.0-14.0-0.0-1.134","5ef4af3235893307228fc968","619531dcf66c91622fa1b861","61959597eebdd7cb37359fa6","1356","","s","false","[[7,367],[170,570],[430,569],[592,366],[534,112],[299,0],[64,113]]","true","7","main_T2_Trial","d","img/Fire_Up_Target.gif","[""img/Fire_Down_Distractor.gif"",""img/Fire_Down_Distractor.gif"",""img/Fire_Down_Distractor.gif"",""img/Fire_Down_Distractor.gif"",""img/Fire_Down_Distractor.gif"",""img/Fire_Down_Distractor.gif"",""img/Fire_Down_Distractor.gif"",""img/Fire_Down_Distractor.gif"",""img/Fire_Down_Distractor.gif"",""img/Fire_Down_Distractor.gif"",""img/Fire_Down_Distractor.gif"",""img/Fire_Down_Distractor.gif""]","7","targetUp_distractorsDown"
"","","","","","html-keyboard-response","284","960394","0.0-14.0-0.0-0.135","5ef4af3235893307228fc968","619531dcf66c91622fa1b861","61959597eebdd7cb37359fa6","null","","null","","","","","main_T1_ITI","","","","",""
"","","","","","visual-search-circle","285","963421","0.0-14.0-0.0-1.135","5ef4af3235893307228fc968","619531dcf66c91622fa1b861","61959597eebdd7cb37359fa6","2012","","d","true","[[1,273],[273,598],[598,326],[326,1]]","true","4","main_T2_Trial","d","img/Fire_Up_Target.gif","[""img/Fire_Down_Distractor.gif"",""img/Fire_Down_Distractor.gif"",""img/Fire_Down_Distractor.gif"",""img/Fire_Down_Distractor.gif"",""img/Fire_Down_Distractor.gif"",""img/Fire_Down_Distractor.gif"",""img/Fire_Down_Distractor.gif"",""img/Fire_Down_Distractor.gif"",""img/Fire_Down_Distractor.gif"",""img/Fire_Down_Distractor.gif"",""img/Fire_Down_Distractor.gif"",""img/Fire_Down_Distractor.gif""]","4","targetUp_distractorsDown"
"","","","","","html-keyboard-response","286","963421","0.0-14.0-0.0-0.136","5ef4af3235893307228fc968","619531dcf66c91622fa1b861","61959597eebdd7cb37359fa6","null","","null","","","","","main_T1_ITI","","","","",""
"","","","","","visual-search-circle","287","965776","0.0-14.0-0.0-1.136","5ef4af3235893307228fc968","619531dcf66c91622fa1b861","61959597eebdd7cb37359fa6","1330","","s","true","[[294,599],[531,491],[593,238],[434,32],[174,27],[8,228],[62,482]]","false","7","main_T2_Trial","s","img/Fire_Down_Target.gif","[""img/Fire_Up_Distractor.gif"",""img/Fire_Up_Distractor.gif"",""img/Fire_Up_Distractor.gif"",""img/Fire_Up_Distractor.gif"",""img/Fire_Up_Distractor.gif"",""img/Fire_Up_Distractor.gif"",""img/Fire_Up_Distractor.gif"",""img/Fire_Up_Distractor.gif"",""img/Fire_Up_Distractor.gif"",""img/Fire_Up_Distractor.gif"",""img/Fire_Up_Distractor.gif"",""img/Fire_Up_Distractor.gif""]","7","targetDown_distractorsUp"
"","","","","","html-keyboard-response","288","965778","0.0-14.0-0.0-0.137","5ef4af3235893307228fc968","619531dcf66c91622fa1b861","61959597eebdd7cb37359fa6","null","","null","","","","","main_T1_ITI","","","","",""
"","","","","","visual-search-circle","289","969629","0.0-14.0-0.0-1.137","5ef4af3235893307228fc968","619531dcf66c91622fa1b861","61959597eebdd7cb37359fa6","2837","","s","false","[[492,529],[578,187],[279,0],[8,227],[141,554]]","true","5","main_T2_Trial","d","img/Fire_Up_Target.gif","[""img/Fire_Down_Distractor.gif"",""img/Fire_Down_Distractor.gif"",""img/Fire_Down_Distractor.gif"",""img/Fire_Down_Distractor.gif"",""img/Fire_Down_Distractor.gif"",""img/Fire_Down_Distractor.gif"",""img/Fire_Down_Distractor.gif"",""img/Fire_Down_Distractor.gif"",""img/Fire_Down_Distractor.gif"",""img/Fire_Down_Distractor.gif"",""img/Fire_Down_Distractor.gif"",""img/Fire_Down_Distractor.gif""]","5","targetUp_distractorsDown"
"","","","","","html-keyboard-response","290","969631","0.0-14.0-0.0-0.138","5ef4af3235893307228fc968","619531dcf66c91622fa1b861","61959597eebdd7cb37359fa6","null","","null","","","","","main_T1_ITI","","","","",""
"","","","","","visual-search-circle","291","971525","0.0-14.0-0.0-1.138","5ef4af3235893307228fc968","619531dcf66c91622fa1b861","61959597eebdd7cb37359fa6","876","","s","true","[[583,397],[480,60],[127,54],[13,387],[294,599]]","false","5","main_T2_Trial","s","img/Fire_Up_Target.gif","[""img/Fire_Down_Distractor.gif"",""img/Fire_Down_Distractor.gif"",""img/Fire_Down_Distractor.gif"",""img/Fire_Down_Distractor.gif"",""img/Fire_Down_Distractor.gif"",""img/Fire_Down_Distractor.gif"",""img/Fire_Down_Distractor.gif"",""img/Fire_Down_Distractor.gif"",""img/Fire_Down_Distractor.gif"",""img/Fire_Down_Distractor.gif"",""img/Fire_Down_Distractor.gif"",""img/Fire_Down_Distractor.gif""]","5","targetUp_distractorsDown"
"","","","","","html-keyboard-response","292","972232","0.0-14.0-0.0-0.139","5ef4af3235893307228fc968","619531dcf66c91622fa1b861","61959597eebdd7cb37359fa6","707","Wow! You've completed 140 out of 160 trials! </p> <p>  </p><p> Take a quick break, then press any key when you're ready to continue.","s","","","","","main_T1_ITI","","","","",""
"","","","","","visual-search-circle","293","974383","0.0-14.0-0.0-1.139","5ef4af3235893307228fc968","619531dcf66c91622fa1b861","61959597eebdd7cb37359fa6","1144","","d","true","[[436,32],[32,163],[163,567],[567,436]]","true","4","main_T2_Trial","d","img/Fire_Down_Target.gif","[""img/Fire_Up_Distractor.gif"",""img/Fire_Up_Distractor.gif"",""img/Fire_Up_Distractor.gif"",""img/Fire_Up_Distractor.gif"",""img/Fire_Up_Distractor.gif"",""img/Fire_Up_Distractor.gif"",""img/Fire_Up_Distractor.gif"",""img/Fire_Up_Distractor.gif"",""img/Fire_Up_Distractor.gif"",""img/Fire_Up_Distractor.gif"",""img/Fire_Up_Distractor.gif"",""img/Fire_Up_Distractor.gif""]","4","targetDown_distractorsUp"
"","","","","","html-keyboard-response","294","974383","0.0-14.0-0.0-0.140","5ef4af3235893307228fc968","619531dcf66c91622fa1b861","61959597eebdd7cb37359fa6","null","","null","","","","","main_T1_ITI","","","","",""
"","","","","","visual-search-circle","295","977090","0.0-14.0-0.0-1.140","5ef4af3235893307228fc968","619531dcf66c91622fa1b861","61959597eebdd7cb37359fa6","1698","","d","true","[[533,488],[598,268],[488,66],[268,1],[66,111],[1,331],[111,533],[331,598]]","true","8","main_T2_Trial","d","img/Fire_Down_Target.gif","[""img/Fire_Up_Distractor.gif"",""img/Fire_Up_Distractor.gif"",""img/Fire_Up_Distractor.gif"",""img/Fire_Up_Distractor.gif"",""img/Fire_Up_Distractor.gif"",""img/Fire_Up_Distractor.gif"",""img/Fire_Up_Distractor.gif"",""img/Fire_Up_Distractor.gif"",""img/Fire_Up_Distractor.gif"",""img/Fire_Up_Distractor.gif"",""img/Fire_Up_Distractor.gif"",""img/Fire_Up_Distractor.gif""]","8","targetDown_distractorsUp"
"","","","","","html-keyboard-response","296","977090","0.0-14.0-0.0-0.141","5ef4af3235893307228fc968","619531dcf66c91622fa1b861","61959597eebdd7cb37359fa6","null","","null","","","","","main_T1_ITI","","","","",""
"","","","","","visual-search-circle","297","979238","0.0-14.0-0.0-1.141","5ef4af3235893307228fc968","619531dcf66c91622fa1b861","61959597eebdd7cb37359fa6","1142","","d","true","[[5,242],[71,494],[309,599],[540,479],[590,223],[421,25],[161,34]]","true","7","main_T2_Trial","d","img/Fire_Down_Target.gif","[""img/Fire_Up_Distractor.gif"",""img/Fire_Up_Distractor.gif"",""img/Fire_Up_Distractor.gif"",""img/Fire_Up_Distractor.gif"",""img/Fire_Up_Distractor.gif"",""img/Fire_Up_Distractor.gif"",""img/Fire_Up_Distractor.gif"",""img/Fire_Up_Distractor.gif"",""img/Fire_Up_Distractor.gif"",""img/Fire_Up_Distractor.gif"",""img/Fire_Up_Distractor.gif"",""img/Fire_Up_Distractor.gif""]","7","targetDown_distractorsUp"
"","","","","","html-keyboard-response","298","979238","0.0-14.0-0.0-0.142","5ef4af3235893307228fc968","619531dcf66c91622fa1b861","61959597eebdd7cb37359fa6","null","","null","","","","","main_T1_ITI","","","","",""
"","","","","","visual-search-circle","299","981108","0.0-14.0-0.0-1.142","5ef4af3235893307228fc968","619531dcf66c91622fa1b861","61959597eebdd7cb37359fa6","865","","s","true","[[300,0],[87,87],[0,299],[87,512],[299,600],[512,512],[600,300],[512,87]]","false","8","main_T2_Trial","s","img/Fire_Up_Target.gif","[""img/Fire_Down_Distractor.gif"",""img/Fire_Down_Distractor.gif"",""img/Fire_Down_Distractor.gif"",""img/Fire_Down_Distractor.gif"",""img/Fire_Down_Distractor.gif"",""img/Fire_Down_Distractor.gif"",""img/Fire_Down_Distractor.gif"",""img/Fire_Down_Distractor.gif"",""img/Fire_Down_Distractor.gif"",""img/Fire_Down_Distractor.gif"",""img/Fire_Down_Distractor.gif"",""img/Fire_Down_Distractor.gif""]","8","targetUp_distractorsDown"
"","","","","","html-keyboard-response","300","981108","0.0-14.0-0.0-0.143","5ef4af3235893307228fc968","619531dcf66c91622fa1b861","61959597eebdd7cb37359fa6","null","","null","","","","","main_T1_ITI","","","","",""
"","","","","","visual-search-circle","301","983828","0.0-14.0-0.0-1.143","5ef4af3235893307228fc968","619531dcf66c91622fa1b861","61959597eebdd7cb37359fa6","1712","","s","false","[[123,57],[14,392],[299,600],[585,392],[476,57]]","true","5","main_T2_Trial","d","img/Fire_Up_Target.gif","[""img/Fire_Down_Distractor.gif"",""img/Fire_Down_Distractor.gif"",""img/Fire_Down_Distractor.gif"",""img/Fire_Down_Distractor.gif"",""img/Fire_Down_Distractor.gif"",""img/Fire_Down_Distractor.gif"",""img/Fire_Down_Distractor.gif"",""img/Fire_Down_Distractor.gif"",""img/Fire_Down_Distractor.gif"",""img/Fire_Down_Distractor.gif"",""img/Fire_Down_Distractor.gif"",""img/Fire_Down_Distractor.gif""]","5","targetUp_distractorsDown"
"","","","","","html-keyboard-response","302","983831","0.0-14.0-0.0-0.144","5ef4af3235893307228fc968","619531dcf66c91622fa1b861","61959597eebdd7cb37359fa6","null","","null","","","","","main_T1_ITI","","","","",""
"","","","","","visual-search-circle","303","986788","0.0-14.0-0.0-1.144","5ef4af3235893307228fc968","619531dcf66c91622fa1b861","61959597eebdd7cb37359fa6","1941","","s","false","[[597,336],[426,28],[80,95],[37,445],[357,594]]","true","5","main_T2_Trial","d","img/Fire_Down_Target.gif","[""img/Fire_Up_Distractor.gif"",""img/Fire_Up_Distractor.gif"",""img/Fire_Up_Distractor.gif"",""img/Fire_Up_Distractor.gif"",""img/Fire_Up_Distractor.gif"",""img/Fire_Up_Distractor.gif"",""img/Fire_Up_Distractor.gif"",""img/Fire_Up_Distractor.gif"",""img/Fire_Up_Distractor.gif"",""img/Fire_Up_Distractor.gif"",""img/Fire_Up_Distractor.gif"",""img/Fire_Up_Distractor.gif""]","5","targetDown_distractorsUp"
"","","","","","html-keyboard-response","304","986788","0.0-14.0-0.0-0.145","5ef4af3235893307228fc968","619531dcf66c91622fa1b861","61959597eebdd7cb37359fa6","null","","null","","","","","main_T1_ITI","","","","",""
"","","","","","visual-search-circle","305","988753","0.0-14.0-0.0-1.145","5ef4af3235893307228fc968","619531dcf66c91622fa1b861","61959597eebdd7cb37359fa6","957","","s","true","[[237,593],[593,362],[362,6],[6,237]]","false","4","main_T2_Trial","s","img/Fire_Up_Target.gif","[""img/Fire_Down_Distractor.gif"",""img/Fire_Down_Distractor.gif"",""img/Fire_Down_Distractor.gif"",""img/Fire_Down_Distractor.gif"",""img/Fire_Down_Distractor.gif"",""img/Fire_Down_Distractor.gif"",""img/Fire_Down_Distractor.gif"",""img/Fire_Down_Distractor.gif"",""img/Fire_Down_Distractor.gif"",""img/Fire_Down_Distractor.gif"",""img/Fire_Down_Distractor.gif"",""img/Fire_Down_Distractor.gif""]","4","targetUp_distractorsDown"
"","","","","","html-keyboard-response","306","988754","0.0-14.0-0.0-0.146","5ef4af3235893307228fc968","619531dcf66c91622fa1b861","61959597eebdd7cb37359fa6","null","","null","","","","","main_T1_ITI","","","","",""
"","","","","","visual-search-circle","307","991960","0.0-14.0-0.0-1.146","5ef4af3235893307228fc968","619531dcf66c91622fa1b861","61959597eebdd7cb37359fa6","2200","","d","true","[[574,422],[500,77],[150,40],[6,362],[268,598]]","true","5","main_T2_Trial","d","img/Fire_Down_Target.gif","[""img/Fire_Up_Distractor.gif"",""img/Fire_Up_Distractor.gif"",""img/Fire_Up_Distractor.gif"",""img/Fire_Up_Distractor.gif"",""img/Fire_Up_Distractor.gif"",""img/Fire_Up_Distractor.gif"",""img/Fire_Up_Distractor.gif"",""img/Fire_Up_Distractor.gif"",""img/Fire_Up_Distractor.gif"",""img/Fire_Up_Distractor.gif"",""img/Fire_Up_Distractor.gif"",""img/Fire_Up_Distractor.gif""]","5","targetDown_distractorsUp"
"","","","","","html-keyboard-response","308","991960","0.0-14.0-0.0-0.147","5ef4af3235893307228fc968","619531dcf66c91622fa1b861","61959597eebdd7cb37359fa6","null","","null","","","","","main_T1_ITI","","","","",""
"","","","","","visual-search-circle","309","995435","0.0-14.0-0.0-1.147","5ef4af3235893307228fc968","619531dcf66c91622fa1b861","61959597eebdd7cb37359fa6","2465","","d","true","[[253,596],[596,346],[346,3],[3,253]]","true","4","main_T2_Trial","d","img/Fire_Down_Target.gif","[""img/Fire_Up_Distractor.gif"",""img/Fire_Up_Distractor.gif"",""img/Fire_Up_Distractor.gif"",""img/Fire_Up_Distractor.gif"",""img/Fire_Up_Distractor.gif"",""img/Fire_Up_Distractor.gif"",""img/Fire_Up_Distractor.gif"",""img/Fire_Up_Distractor.gif"",""img/Fire_Up_Distractor.gif"",""img/Fire_Up_Distractor.gif"",""img/Fire_Up_Distractor.gif"",""img/Fire_Up_Distractor.gif""]","4","targetDown_distractorsUp"
"","","","","","html-keyboard-response","310","995435","0.0-14.0-0.0-0.148","5ef4af3235893307228fc968","619531dcf66c91622fa1b861","61959597eebdd7cb37359fa6","null","","null","","","","","main_T1_ITI","","","","",""
"","","","","","visual-search-circle","311","1001059","0.0-14.0-0.0-1.148","5ef4af3235893307228fc968","619531dcf66c91622fa1b861","61959597eebdd7cb37359fa6","4619","","s","false","[[242,594],[594,357],[357,5],[5,242]]","true","4","main_T2_Trial","d","img/Fire_Up_Target.gif","[""img/Fire_Down_Distractor.gif"",""img/Fire_Down_Distractor.gif"",""img/Fire_Down_Distractor.gif"",""img/Fire_Down_Distractor.gif"",""img/Fire_Down_Distractor.gif"",""img/Fire_Down_Distractor.gif"",""img/Fire_Down_Distractor.gif"",""img/Fire_Down_Distractor.gif"",""img/Fire_Down_Distractor.gif"",""img/Fire_Down_Distractor.gif"",""img/Fire_Down_Distractor.gif"",""img/Fire_Down_Distractor.gif""]","4","targetUp_distractorsDown"
"","","","","","html-keyboard-response","312","1001060","0.0-14.0-0.0-0.149","5ef4af3235893307228fc968","619531dcf66c91622fa1b861","61959597eebdd7cb37359fa6","null","","null","","","","","main_T1_ITI","","","","",""
"","","","","","visual-search-circle","313","1004443","0.0-14.0-0.0-1.149","5ef4af3235893307228fc968","619531dcf66c91622fa1b861","61959597eebdd7cb37359fa6","2376","","s","true","[[581,197],[352,4],[70,107],[18,402],[247,595],[529,492]]","false","6","main_T2_Trial","s","img/Fire_Up_Target.gif","[""img/Fire_Down_Distractor.gif"",""img/Fire_Down_Distractor.gif"",""img/Fire_Down_Distractor.gif"",""img/Fire_Down_Distractor.gif"",""img/Fire_Down_Distractor.gif"",""img/Fire_Down_Distractor.gif"",""img/Fire_Down_Distractor.gif"",""img/Fire_Down_Distractor.gif"",""img/Fire_Down_Distractor.gif"",""img/Fire_Down_Distractor.gif"",""img/Fire_Down_Distractor.gif"",""img/Fire_Down_Distractor.gif""]","6","targetUp_distractorsDown"
"","","","","","html-keyboard-response","314","1004443","0.0-14.0-0.0-0.150","5ef4af3235893307228fc968","619531dcf66c91622fa1b861","61959597eebdd7cb37359fa6","null","","null","","","","","main_T1_ITI","","","","",""
"","","","","","visual-search-circle","315","1006608","0.0-14.0-0.0-1.150","5ef4af3235893307228fc968","619531dcf66c91622fa1b861","61959597eebdd7cb37359fa6","1159","","s","true","[[426,28],[127,54],[1,326],[173,571],[472,545],[598,273]]","false","6","main_T2_Trial","s","img/Fire_Up_Target.gif","[""img/Fire_Down_Distractor.gif"",""img/Fire_Down_Distractor.gif"",""img/Fire_Down_Distractor.gif"",""img/Fire_Down_Distractor.gif"",""img/Fire_Down_Distractor.gif"",""img/Fire_Down_Distractor.gif"",""img/Fire_Down_Distractor.gif"",""img/Fire_Down_Distractor.gif"",""img/Fire_Down_Distractor.gif"",""img/Fire_Down_Distractor.gif"",""img/Fire_Down_Distractor.gif"",""img/Fire_Down_Distractor.gif""]","6","targetUp_distractorsDown"
"","","","","","html-keyboard-response","316","1006609","0.0-14.0-0.0-0.151","5ef4af3235893307228fc968","619531dcf66c91622fa1b861","61959597eebdd7cb37359fa6","null","","null","","","","","main_T1_ITI","","","","",""
"","","","","","visual-search-circle","317","1009578","0.0-14.0-0.0-1.151","5ef4af3235893307228fc968","619531dcf66c91622fa1b861","61959597eebdd7cb37359fa6","1958","","s","true","[[599,289],[382,11],[51,132],[63,484],[402,581]]","false","5","main_T2_Trial","s","img/Fire_Up_Target.gif","[""img/Fire_Down_Distractor.gif"",""img/Fire_Down_Distractor.gif"",""img/Fire_Down_Distractor.gif"",""img/Fire_Down_Distractor.gif"",""img/Fire_Down_Distractor.gif"",""img/Fire_Down_Distractor.gif"",""img/Fire_Down_Distractor.gif"",""img/Fire_Down_Distractor.gif"",""img/Fire_Down_Distractor.gif"",""img/Fire_Down_Distractor.gif"",""img/Fire_Down_Distractor.gif"",""img/Fire_Down_Distractor.gif""]","5","targetUp_distractorsDown"
"","","","","","html-keyboard-response","318","1009579","0.0-14.0-0.0-0.152","5ef4af3235893307228fc968","619531dcf66c91622fa1b861","61959597eebdd7cb37359fa6","null","","null","","","","","main_T1_ITI","","","","",""
"","","","","","visual-search-circle","319","1011645","0.0-14.0-0.0-1.152","5ef4af3235893307228fc968","619531dcf66c91622fa1b861","61959597eebdd7cb37359fa6","1045","","s","true","[[585,392],[567,163],[392,14],[163,32],[14,207],[32,436],[207,585],[436,567]]","false","8","main_T2_Trial","s","img/Fire_Up_Target.gif","[""img/Fire_Down_Distractor.gif"",""img/Fire_Down_Distractor.gif"",""img/Fire_Down_Distractor.gif"",""img/Fire_Down_Distractor.gif"",""img/Fire_Down_Distractor.gif"",""img/Fire_Down_Distractor.gif"",""img/Fire_Down_Distractor.gif"",""img/Fire_Down_Distractor.gif"",""img/Fire_Down_Distractor.gif"",""img/Fire_Down_Distractor.gif"",""img/Fire_Down_Distractor.gif"",""img/Fire_Down_Distractor.gif""]","8","targetUp_distractorsDown"
"","","","","","html-keyboard-response","320","1011645","0.0-14.0-0.0-0.153","5ef4af3235893307228fc968","619531dcf66c91622fa1b861","61959597eebdd7cb37359fa6","null","","null","","","","","main_T1_ITI","","","","",""
"","","","","","visual-search-circle","321","1013812","0.0-14.0-0.0-1.153","5ef4af3235893307228fc968","619531dcf66c91622fa1b861","61959597eebdd7cb37359fa6","1147","","s","true","[[150,40],[3,255],[80,504],[322,599],[547,468],[586,211],[409,20]]","false","7","main_T2_Trial","s","img/Fire_Down_Target.gif","[""img/Fire_Up_Distractor.gif"",""img/Fire_Up_Distractor.gif"",""img/Fire_Up_Distractor.gif"",""img/Fire_Up_Distractor.gif"",""img/Fire_Up_Distractor.gif"",""img/Fire_Up_Distractor.gif"",""img/Fire_Up_Distractor.gif"",""img/Fire_Up_Distractor.gif"",""img/Fire_Up_Distractor.gif"",""img/Fire_Up_Distractor.gif"",""img/Fire_Up_Distractor.gif"",""img/Fire_Up_Distractor.gif""]","7","targetDown_distractorsUp"
"","","","","","html-keyboard-response","322","1013812","0.0-14.0-0.0-0.154","5ef4af3235893307228fc968","619531dcf66c91622fa1b861","61959597eebdd7cb37359fa6","null","","null","","","","","main_T1_ITI","","","","",""
"","","","","","visual-search-circle","323","1015807","0.0-14.0-0.0-1.154","5ef4af3235893307228fc968","619531dcf66c91622fa1b861","61959597eebdd7cb37359fa6","992","","d","true","[[585,392],[392,14],[14,207],[207,585]]","true","4","main_T2_Trial","d","img/Fire_Down_Target.gif","[""img/Fire_Up_Distractor.gif"",""img/Fire_Up_Distractor.gif"",""img/Fire_Up_Distractor.gif"",""img/Fire_Up_Distractor.gif"",""img/Fire_Up_Distractor.gif"",""img/Fire_Up_Distractor.gif"",""img/Fire_Up_Distractor.gif"",""img/Fire_Up_Distractor.gif"",""img/Fire_Up_Distractor.gif"",""img/Fire_Up_Distractor.gif"",""img/Fire_Up_Distractor.gif"",""img/Fire_Up_Distractor.gif""]","4","targetDown_distractorsUp"
"","","","","","html-keyboard-response","324","1015808","0.0-14.0-0.0-0.155","5ef4af3235893307228fc968","619531dcf66c91622fa1b861","61959597eebdd7cb37359fa6","null","","null","","","","","main_T1_ITI","","","","",""
"","","","","","visual-search-circle","325","1018956","0.0-14.0-0.0-1.155","5ef4af3235893307228fc968","619531dcf66c91622fa1b861","61959597eebdd7cb37359fa6","2133","","s","true","[[99,522],[315,599],[522,500],[599,284],[500,77],[284,0],[77,99],[0,315]]","false","8","main_T2_Trial","s","img/Fire_Down_Target.gif","[""img/Fire_Up_Distractor.gif"",""img/Fire_Up_Distractor.gif"",""img/Fire_Up_Distractor.gif"",""img/Fire_Up_Distractor.gif"",""img/Fire_Up_Distractor.gif"",""img/Fire_Up_Distractor.gif"",""img/Fire_Up_Distractor.gif"",""img/Fire_Up_Distractor.gif"",""img/Fire_Up_Distractor.gif"",""img/Fire_Up_Distractor.gif"",""img/Fire_Up_Distractor.gif"",""img/Fire_Up_Distractor.gif""]","8","targetDown_distractorsUp"
"","","","","","html-keyboard-response","326","1018957","0.0-14.0-0.0-0.156","5ef4af3235893307228fc968","619531dcf66c91622fa1b861","61959597eebdd7cb37359fa6","null","","null","","","","","main_T1_ITI","","","","",""
"","","","","","visual-search-circle","327","1021601","0.0-14.0-0.0-1.156","5ef4af3235893307228fc968","619531dcf66c91622fa1b861","61959597eebdd7cb37359fa6","1633","","s","true","[[346,596],[596,253],[253,3],[3,346]]","false","4","main_T2_Trial","s","img/Fire_Up_Target.gif","[""img/Fire_Down_Distractor.gif"",""img/Fire_Down_Distractor.gif"",""img/Fire_Down_Distractor.gif"",""img/Fire_Down_Distractor.gif"",""img/Fire_Down_Distractor.gif"",""img/Fire_Down_Distractor.gif"",""img/Fire_Down_Distractor.gif"",""img/Fire_Down_Distractor.gif"",""img/Fire_Down_Distractor.gif"",""img/Fire_Down_Distractor.gif"",""img/Fire_Down_Distractor.gif"",""img/Fire_Down_Distractor.gif""]","4","targetUp_distractorsDown"
"","","","","","html-keyboard-response","328","1021602","0.0-14.0-0.0-0.157","5ef4af3235893307228fc968","619531dcf66c91622fa1b861","61959597eebdd7cb37359fa6","null","","null","","","","","main_T1_ITI","","","","",""
"","","","","","visual-search-circle","329","1023460","0.0-14.0-0.0-1.157","5ef4af3235893307228fc968","619531dcf66c91622fa1b861","61959597eebdd7cb37359fa6","853","","s","true","[[45,458],[458,554],[554,141],[141,45]]","false","4","main_T2_Trial","s","img/Fire_Up_Target.gif","[""img/Fire_Down_Distractor.gif"",""img/Fire_Down_Distractor.gif"",""img/Fire_Down_Distractor.gif"",""img/Fire_Down_Distractor.gif"",""img/Fire_Down_Distractor.gif"",""img/Fire_Down_Distractor.gif"",""img/Fire_Down_Distractor.gif"",""img/Fire_Down_Distractor.gif"",""img/Fire_Down_Distractor.gif"",""img/Fire_Down_Distractor.gif"",""img/Fire_Down_Distractor.gif"",""img/Fire_Down_Distractor.gif""]","4","targetUp_distractorsDown"
"","","","","","html-keyboard-response","330","1023460","0.0-14.0-0.0-0.158","5ef4af3235893307228fc968","619531dcf66c91622fa1b861","61959597eebdd7cb37359fa6","null","","null","","","","","main_T1_ITI","","","","",""
"","","","","","visual-search-circle","331","1025275","0.0-14.0-0.0-1.158","5ef4af3235893307228fc968","619531dcf66c91622fa1b861","61959597eebdd7cb37359fa6","807","","s","true","[[571,173],[370,8],[115,63],[0,296],[110,532],[363,593],[568,433]]","false","7","main_T2_Trial","s","img/Fire_Down_Target.gif","[""img/Fire_Up_Distractor.gif"",""img/Fire_Up_Distractor.gif"",""img/Fire_Up_Distractor.gif"",""img/Fire_Up_Distractor.gif"",""img/Fire_Up_Distractor.gif"",""img/Fire_Up_Distractor.gif"",""img/Fire_Up_Distractor.gif"",""img/Fire_Up_Distractor.gif"",""img/Fire_Up_Distractor.gif"",""img/Fire_Up_Distractor.gif"",""img/Fire_Up_Distractor.gif"",""img/Fire_Up_Distractor.gif""]","7","targetDown_distractorsUp"
"","","","","","html-keyboard-response","332","1027661","0.0-14.0-0.0-0.159","5ef4af3235893307228fc968","619531dcf66c91622fa1b861","61959597eebdd7cb37359fa6","2386","Wow! You've completed 160 out of 160 trials! </p> <p>  </p><p> Take a quick break, then press any key when you're ready to continue.","s","","","","","main_T1_ITI","","","","",""
"","","","","","visual-search-circle","333","1031217","0.0-14.0-0.0-1.159","5ef4af3235893307228fc968","619531dcf66c91622fa1b861","61959597eebdd7cb37359fa6","2545","","s","true","[[500,522],[574,177],[268,1],[6,237],[150,559]]","false","5","main_T2_Trial","s","img/Fire_Down_Target.gif","[""img/Fire_Up_Distractor.gif"",""img/Fire_Up_Distractor.gif"",""img/Fire_Up_Distractor.gif"",""img/Fire_Up_Distractor.gif"",""img/Fire_Up_Distractor.gif"",""img/Fire_Up_Distractor.gif"",""img/Fire_Up_Distractor.gif"",""img/Fire_Up_Distractor.gif"",""img/Fire_Up_Distractor.gif"",""img/Fire_Up_Distractor.gif"",""img/Fire_Up_Distractor.gif"",""img/Fire_Up_Distractor.gif""]","5","targetDown_distractorsUp"
"","","","","","survey-text","334","1038296","0.0-15.0","5ef4af3235893307228fc968","619531dcf66c91622fa1b861","61959597eebdd7cb37359fa6","7050","","{""Q0"":""""}","","","","","","","","","",""
